5
2182
0.0575 0.0175 0.0825 0.3825 0.46 
0.20061728 0.06635802 0.14737654 0.104166664 0.4814815 
0.0040241447 0.04828974 0.0060362173 0.6700201 0.27162978 
0.27295285 0.10669975 0.074441686 0.07692308 0.46898264 
0.20996168 0.020306513 0.0302682 0.2329502 0.5065134 
0.11412868 0.09182024 0.021661816 0.43646944 0.33591983 
997 Changes 0.0 0.0 0.0 1.0 0.0 
582 attended 1.0 0.0 0.0 0.0 0.0 
2135 That 0.0 0.0 0.0 0.0 1.0 
524 Margaret 0.0 0.0 0.0 1.0 0.0 
1927 celebrity 0.0 0.0 0.0 1.0 0.0 
1186 MAJOR 0.0 1.0 0.0 0.0 0.0 
1489 furnish 1.0 0.0 0.0 0.0 0.0 
1223 event 0.0 0.0 0.0 1.0 0.0 
1248 advanced 1.0 0.0 0.0 0.0 0.0 
779 role 0.0 0.0 0.0 1.0 0.0 
2053 right 0.0 0.0 0.0 1.0 0.0 
209 bought 0.0 0.0 0.0 0.0 1.0 
1109 Ministry 0.0 0.0 0.0 1.0 0.0 
1787 crook 0.0 0.0 0.0 1.0 0.0 
1680 ! 0.0 0.0 0.0 0.0 1.0 
1162 essential 0.0 1.0 0.0 0.0 0.0 
2000 James 0.0 0.0 0.0 1.0 0.0 
576 told 0.0 0.0 0.0 0.0 1.0 
333 answer 0.0 0.0 0.0 1.0 0.0 
772 possibly 0.0 0.0 1.0 0.0 0.0 
1558 Midwifery 0.0 0.0 0.0 1.0 0.0 
454 meet 1.0 0.0 0.0 0.0 0.0 
19 . 0.0 0.0 0.0 0.0 1.0 
1341 Team 0.0 0.0 0.0 1.0 0.0 
1517 few 0.0 0.0 0.0 0.0 1.0 
1480 purchased 1.0 0.0 0.0 0.0 0.0 
125 1 0.0 0.0 0.0 0.0 1.0 
103 7 0.0 0.0 0.0 0.0 1.0 
894 arranged 0.5 0.0 0.0 0.0 0.5 
976 4 0.0 0.0 0.0 0.0 1.0 
810 ; 0.0 0.0 0.0 0.0 1.0 
1338 quality 0.0 0.0 0.0 1.0 0.0 
1790 defender 0.0 0.0 0.0 1.0 0.0 
5 ? 0.0 0.0 0.0 0.0 1.0 
1168 cheque 0.0 0.0 0.0 1.0 0.0 
1339 wherever 0.0 0.0 1.0 0.0 0.0 
1278 steady 0.0 1.0 0.0 0.0 0.0 
1880 Kensington 0.0 0.0 0.0 1.0 0.0 
211 A 0.0 0.0 0.07692308 0.0 0.9230769 
707 made 1.0 0.0 0.0 0.0 0.0 
1902 imaginary 0.0 1.0 0.0 0.0 0.0 
859 ignorance 0.0 0.0 0.0 1.0 0.0 
1193 biggest 0.0 1.0 0.0 0.0 0.0 
1874 parted 0.0 0.0 0.0 0.0 1.0 
184 I 0.0 0.0 0.0 1.0 0.0 
1280 needing 1.0 0.0 0.0 0.0 0.0 
1028 J 0.0 0.0 0.0 1.0 0.0 
714 visited 1.0 0.0 0.0 0.0 0.0 
2030 suburb 0.0 0.0 0.0 1.0 0.0 
842 times 0.0 0.0 0.0 1.0 0.0 
8 Syndrome 0.0 0.0 0.0 1.0 0.0 
1824 grew 1.0 0.0 0.0 0.0 0.0 
1332 foundation 0.0 0.0 0.0 1.0 0.0 
1816 trial 0.0 0.0 0.0 1.0 0.0 
1782 X 0.0 0.0 0.0 0.0 1.0 
1321 sophisticated 0.0 1.0 0.0 0.0 0.0 
1943 Romance 0.0 0.0 0.0 1.0 0.0 
10 a 0.0 0.0 0.017045455 0.0 0.98295456 
4 AIDS 0.0 0.0 0.0 1.0 0.0 
2045 gardens 0.0 0.0 0.0 1.0 0.0 
1543 join 1.0 0.0 0.0 0.0 0.0 
1337 enjoy 1.0 0.0 0.0 0.0 0.0 
1344 Cedria 0.0 0.0 0.0 0.5 0.5 
677 50p 0.0 0.0 0.0 1.0 0.0 
192 new 0.0 1.0 0.0 0.0 0.0 
2042 red 0.0 0.0 0.0 0.0 1.0 
326 including 0.0 0.0 0.0 0.0 1.0 
847 days 0.0 0.0 0.0 1.0 0.0 
881 having 1.0 0.0 0.0 0.0 0.0 
1736 novels 0.0 0.0 0.0 1.0 0.0 
1282 advice 0.0 0.0 0.0 1.0 0.0 
2067 zone 0.0 0.0 0.0 1.0 0.0 
830 change 0.5 0.0 0.0 0.5 0.0 
1482 moves 1.0 0.0 0.0 0.0 0.0 
986 took 1.0 0.0 0.0 0.0 0.0 
2109 lead 1.0 0.0 0.0 0.0 0.0 
1886 spoken 1.0 0.0 0.0 0.0 0.0 
41 infected 0.4 0.2 0.0 0.0 0.4 
839 John 0.0 0.0 0.0 1.0 0.0 
2088 futility 0.0 0.0 0.0 1.0 0.0 
1190 capital 0.0 0.0 0.0 1.0 0.0 
980 7th 0.0 0.0 0.0 0.0 1.0 
59 medical 0.0 1.0 0.0 0.0 0.0 
999 Brian 0.0 0.0 0.0 1.0 0.0 
845 basic 0.0 1.0 0.0 0.0 0.0 
1420 priority 0.0 0.0 0.0 1.0 0.0 
1786 reputation 0.0 0.0 0.0 1.0 0.0 
1662 jam 0.0 0.0 0.0 0.0 1.0 
647 North 0.0 0.0 0.0 1.0 0.0 
1140 delighted 0.0 1.0 0.0 0.0 0.0 
1199 Between 0.0 0.0 0.0 0.0 1.0 
1426 partnership 0.0 0.0 0.0 1.0 0.0 
1990 tensions 0.0 0.0 0.0 1.0 0.0 
2089 imparted 1.0 0.0 0.0 0.0 0.0 
918 far 0.0 0.0 1.0 0.0 0.0 
1395 double 1.0 0.0 0.0 0.0 0.0 
181 much 0.0 0.0 0.16666667 0.0 0.8333333 
617 country 0.0 0.0 0.0 1.0 0.0 
1170 Russell 0.0 0.0 0.0 1.0 0.0 
520 particularly 0.0 0.0 1.0 0.0 0.0 
499 involved 0.25 0.625 0.0 0.0 0.125 
341 often 0.0 0.0 1.0 0.0 0.0 
594 areas 0.0 0.0 0.0 1.0 0.0 
437 Cliff 0.0 0.0 0.0 0.5 0.5 
268 COFFEE 0.0 0.0 0.0 1.0 0.0 
919 fewer 0.0 0.0 0.0 0.0 1.0 
343 make 1.0 0.0 0.0 0.0 0.0 
1577 room 0.0 0.0 0.0 1.0 0.0 
1399 African 0.0 1.0 0.0 0.0 0.0 
2146 distant 0.0 1.0 0.0 0.0 0.0 
1897 occasion 0.0 0.0 0.0 1.0 0.0 
1809 tried 0.0 0.0 0.0 0.0 1.0 
35 through 0.0 0.0 0.0 0.0 1.0 
463 education 0.0 0.0 0.0 1.0 0.0 
1016 business 0.0 0.0 0.0 1.0 0.0 
564 completely 0.0 0.0 1.0 0.0 0.0 
391 Your 0.0 0.0 0.0 0.0 1.0 
1713 following 0.0 1.0 0.0 0.0 0.0 
540 possible 0.0 1.0 0.0 0.0 0.0 
486 especially 0.0 0.0 1.0 0.0 0.0 
1438 Charing 0.0 0.0 0.0 1.0 0.0 
797 Manager 0.0 0.0 0.0 1.0 0.0 
1495 TWO 0.0 0.0 0.0 0.0 1.0 
460 Sue 0.0 0.0 0.0 1.0 0.0 
1053 trained 1.0 0.0 0.0 0.0 0.0 
784 Tear 0.0 0.0 0.0 0.5 0.5 
1635 Friday 0.0 0.0 0.0 1.0 0.0 
776 circulate 1.0 0.0 0.0 0.0 0.0 
821 population 0.0 0.0 0.0 1.0 0.0 
1018 Beauty 0.0 0.0 0.0 1.0 0.0 
1151 New 0.0 1.0 0.0 0.0 0.0 
1304 equal 0.0 1.0 0.0 0.0 0.0 
1636 main 0.0 1.0 0.0 0.0 0.0 
1149 confront 1.0 0.0 0.0 0.0 0.0 
356 expected 0.5 0.0 0.0 0.0 0.5 
121 which 0.0 0.0 0.0 0.0 1.0 
609 helping 1.0 0.0 0.0 0.0 0.0 
2069 inside 0.0 0.0 1.0 0.0 0.0 
1876 maid 0.0 0.0 0.0 1.0 0.0 
420 nursing 0.0 0.14285715 0.0 0.14285715 0.71428573 
994 assessment 0.0 0.0 0.0 1.0 0.0 
177 Whether 0.0 0.0 0.0 0.0 1.0 
1037 Volunteer 0.0 0.0 0.0 0.33333334 0.6666667 
1421 impressed 0.0 1.0 0.0 0.0 0.0 
340 jobs 0.0 0.0 0.0 1.0 0.0 
1695 Nobody 0.0 0.0 0.0 1.0 0.0 
1783 Abdul 0.0 0.0 0.0 1.0 0.0 
190 carried 1.0 0.0 0.0 0.0 0.0 
1889 novelist 0.0 0.0 0.0 1.0 0.0 
688 Northern 0.0 0.0 0.0 1.0 0.0 
1191 obvious 0.0 1.0 0.0 0.0 0.0 
282 help 0.35714287 0.0 0.0 0.5 0.14285715 
1183 Issue 0.0 0.0 0.0 0.0 1.0 
1453 administer 1.0 0.0 0.0 0.0 0.0 
863 social 0.0 1.0 0.0 0.0 0.0 
575 recently 0.0 0.0 1.0 0.0 0.0 
2043 glimpsed 1.0 0.0 0.0 0.0 0.0 
406 report 0.33333334 0.0 0.0 0.6666667 0.0 
1142 Ten 0.0 0.0 0.0 0.0 1.0 
1665 breathless 0.0 1.0 0.0 0.0 0.0 
114 reported 0.4 0.0 0.0 0.0 0.6 
2074 rot 1.0 0.0 0.0 0.0 0.0 
630 Published 0.0 0.0 0.0 0.0 1.0 
421 support 0.2857143 0.0 0.0 0.5 0.21428572 
2071 periphery 0.0 0.0 0.0 1.0 0.0 
800 identify 1.0 0.0 0.0 0.0 0.0 
2021 job 0.0 0.0 0.0 1.0 0.0 
606 health 0.0 0.0 0.0 1.0 0.0 
140 epidemic 0.0 0.0 0.0 1.0 0.0 
1981 verges 0.0 0.0 0.0 1.0 0.0 
2037 scene 0.0 0.0 0.0 1.0 0.0 
690 Romania 0.0 0.0 0.0 1.0 0.0 
611 pupils 0.0 0.0 0.0 1.0 0.0 
1645 Westminster 0.0 0.0 0.0 1.0 0.0 
1436 upon 0.0 0.0 0.0 0.0 1.0 
442 television 0.0 0.0 0.0 1.0 0.0 
1055 broad 0.0 1.0 0.0 0.0 0.0 
689 Ireland 0.0 0.0 0.0 1.0 0.0 
1583 space 0.0 0.0 0.0 1.0 0.0 
1640 decision 0.0 0.0 0.0 1.0 0.0 
1905 mountains 0.0 0.0 0.0 1.0 0.0 
720 Interest 0.0 0.0 0.0 1.0 0.0 
1964 boys 0.0 0.0 0.0 1.0 0.0 
855 publicity 0.0 0.0 0.0 1.0 0.0 
522 identifying 1.0 0.0 0.0 0.0 0.0 
1096 held 0.5 0.0 0.0 0.0 0.5 
607 responding 1.0 0.0 0.0 0.0 0.0 
1113 officials 0.0 0.0 0.0 1.0 0.0 
2065 marijuana 0.0 0.0 0.0 1.0 0.0 
1518 pressures 0.0 0.0 0.0 1.0 0.0 
439 newsroom 0.0 0.0 0.0 1.0 0.0 
1947 thinks 1.0 0.0 0.0 0.0 0.0 
247 club 0.0 0.0 0.0 1.0 0.0 
1400 heterosexually 0.0 0.0 1.0 0.0 0.0 
1367 telephone 0.0 0.0 0.0 1.0 0.0 
1471 Tayside 0.0 0.0 0.0 1.0 0.0 
1599 single 0.0 1.0 0.0 0.0 0.0 
1404 Authorities 0.0 0.0 0.0 1.0 0.0 
2169 tends 1.0 0.0 0.0 0.0 0.0 
813 initiatives 0.0 0.0 0.0 1.0 0.0 
727 CAH 0.0 0.0 0.0 0.0 1.0 
2023 publicise 1.0 0.0 0.0 0.0 0.0 
1407 OPERATIONS 0.0 0.0 0.0 1.0 0.0 
401 every 0.0 0.0 0.0 0.0 1.0 
815 where 0.0 0.0 0.3 0.0 0.7 
1178 NEWS 0.0 0.0 0.0 1.0 0.0 
1224 almost 0.0 0.0 1.0 0.0 0.0 
1831 rare 0.0 1.0 0.0 0.0 0.0 
1931 experiment 0.0 0.0 0.0 1.0 0.0 
2010 action 0.0 0.0 0.0 1.0 0.0 
195 CAR 0.0 0.0 0.0 1.0 0.0 
2170 obscure 1.0 0.0 0.0 0.0 0.0 
1830 writer 0.0 0.0 0.0 1.0 0.0 
2162 darkness 0.0 0.0 0.0 1.0 0.0 
905 eye 0.0 0.0 0.0 1.0 0.0 
1864 schoolgirl 0.0 0.0 0.0 1.0 0.0 
1563 contract 0.0 0.0 0.0 1.0 0.0 
217 clothes 0.0 0.0 0.0 1.0 0.0 
900 easier 0.0 0.0 1.0 0.0 0.0 
827 here 0.0 0.0 1.0 0.0 0.0 
2123 clarified 1.0 0.0 0.0 0.0 0.0 
2166 Enthusiasts 0.0 0.0 0.0 1.0 0.0 
127 500 0.0 0.0 0.0 0.0 1.0 
854 Despite 0.0 0.0 0.0 0.0 1.0 
1800 Jamal 0.0 0.0 0.0 1.0 0.0 
1457 WITH 0.0 0.0 0.0 0.0 1.0 
1987 decay 0.0 0.0 0.0 0.0 1.0 
1779 Black 0.0 1.0 0.0 0.0 0.0 
210 JUMBLE 0.0 0.0 0.0 0.0 1.0 
1575 coordinated 1.0 0.0 0.0 0.0 0.0 
1239 chest 0.0 0.0 0.0 1.0 0.0 
853 circle 0.0 0.0 0.0 1.0 0.0 
482 disease 0.0 0.0 0.0 1.0 0.0 
2108 investment 0.0 0.0 0.0 1.0 0.0 
989 while 0.0 0.0 0.0 0.2 0.8 
719 Help 0.0 0.0 0.0 0.0 1.0 
2044 paths 0.0 0.0 0.0 1.0 0.0 
1392 rate 0.0 0.0 0.0 1.0 0.0 
1121 November 0.0 0.0 0.0 1.0 0.0 
764 develop 1.0 0.0 0.0 0.0 0.0 
753 lonely 0.0 1.0 0.0 0.0 0.0 
145 major 0.0 1.0 0.0 0.0 0.0 
1006 Shaftesbury 0.0 0.0 0.0 1.0 0.0 
287 081 0.0 0.0 0.0 0.0 1.0 
657 into 0.0 0.0 0.0 0.0 1.0 
590 problem 0.0 0.0 0.0 1.0 0.0 
2144 riots 0.0 0.0 0.0 1.0 0.0 
1265 shifted 1.0 0.0 0.0 0.0 0.0 
1870 deepening 1.0 0.0 0.0 0.0 0.0 
208 things 0.0 0.0 0.0 1.0 0.0 
480 spread 0.0 0.0 0.0 1.0 0.0 
242 sponsored 0.5 0.0 0.0 0.0 0.5 
1123 professionals 0.0 0.0 0.0 1.0 0.0 
1721 limited 1.0 0.0 0.0 0.0 0.0 
2145 appear 1.0 0.0 0.0 0.0 0.0 
1626 discussion 0.0 0.0 0.0 1.0 0.0 
805 clinic 0.0 0.0 0.0 1.0 0.0 
1230 treatment 0.0 0.0 0.0 1.0 0.0 
960 maintain 1.0 0.0 0.0 0.0 0.0 
867 everyday 0.0 1.0 0.0 0.0 0.0 
1892 unassailable 0.0 1.0 0.0 0.0 0.0 
505 its 0.0 0.0 0.0 0.0 1.0 
1176 Property 0.0 0.0 0.0 1.0 0.0 
1099 teachers 0.0 0.0 0.0 1.0 0.0 
1899 exactly 0.0 0.0 1.0 0.0 0.0 
438 BBC 0.0 0.0 0.0 1.0 0.0 
1299 although 0.0 0.0 0.0 0.0 1.0 
1449 basically 0.0 0.0 1.0 0.0 0.0 
1634 Thursday 0.0 0.0 0.0 1.0 0.0 
600 communicate 1.0 0.0 0.0 0.0 0.0 
136 year 0.0 0.0 0.0 1.0 0.0 
991 feature 0.0 0.0 0.0 1.0 0.0 
1083 enquiries 0.0 0.0 0.0 1.0 0.0 
97 worldwide 0.0 0.6666667 0.33333334 0.0 0.0 
2092 rioting 0.0 0.0 0.0 1.0 0.0 
1080 October 0.0 0.0 0.0 1.0 0.0 
227 selling 1.0 0.0 0.0 0.0 0.0 
1277 relatively 0.0 0.0 1.0 0.0 0.0 
1324 hospice 0.0 0.0 0.0 1.0 0.0 
1175 under 0.0 0.0 0.0 0.0 1.0 
637 suggest 1.0 0.0 0.0 0.0 0.0 
1520 discussing 1.0 0.0 0.0 0.0 0.0 
496 Christians 0.0 0.0 0.0 1.0 0.0 
1769 Port 0.0 0.0 0.0 1.0 0.0 
26 system 0.0 0.0 0.0 1.0 0.0 
481 terrible 0.0 1.0 0.0 0.0 0.0 
1409 APPOINTED 1.0 0.0 0.0 0.0 0.0 
954 press 0.0 0.0 0.0 1.0 0.0 
836 patron 0.0 0.0 0.0 1.0 0.0 
2011 She 0.0 0.0 0.0 1.0 0.0 
1764 corpses 0.0 0.0 0.0 1.0 0.0 
886 run 1.0 0.0 0.0 0.0 0.0 
899 life 0.0 0.0 0.0 1.0 0.0 
953 written 1.0 0.0 0.0 0.0 0.0 
1433 worked 0.0 0.0 0.0 0.0 1.0 
2020 worker 0.0 0.0 0.0 1.0 0.0 
1656 pick 1.0 0.0 0.0 0.0 0.0 
556 Southwick 0.0 0.0 0.0 1.0 0.0 
1519 longterm 0.0 0.0 0.0 0.0 1.0 
382 Racism 0.0 0.0 0.0 1.0 0.0 
2139 solidarity 0.0 0.0 0.0 1.0 0.0 
1177 Act 0.0 0.0 0.0 1.0 0.0 
1919 Wuthering 1.0 0.0 0.0 0.0 0.0 
251 young 0.0 1.0 0.0 0.0 0.0 
1014 grants 0.0 0.0 0.0 0.5 0.5 
1767 garden 0.0 0.0 0.0 1.0 0.0 
473 world 0.0 0.0 0.0 1.0 0.0 
1980 smoulder 0.0 0.0 0.0 0.0 1.0 
884 become 1.0 0.0 0.0 0.0 0.0 
736 THE 0.0 0.0 0.0 0.0 1.0 
1851 exported 0.0 0.0 0.0 0.0 1.0 
829 must 1.0 0.0 0.0 0.0 0.0 
959 organisations 0.0 0.0 0.0 1.0 0.0 
1263 Surviving 1.0 0.0 0.0 0.0 0.0 
1883 curious 0.0 1.0 0.0 0.0 0.0 
80 friends 0.0 0.0 0.0 1.0 0.0 
494 practical 0.0 1.0 0.0 0.0 0.0 
1605 Monday 0.0 0.0 0.0 1.0 0.0 
363 subsequently 0.0 0.0 1.0 0.0 0.0 
475 care 0.032258064 0.0 0.0 0.58064514 0.38709676 
1261 Internal 0.0 1.0 0.0 0.0 0.0 
377 Sex 0.0 0.0 0.0 1.0 0.0 
1463 presented 1.0 0.0 0.0 0.0 0.0 
794 enabled 1.0 0.0 0.0 0.0 0.0 
737 EDITOR 0.0 0.0 0.0 1.0 0.0 
799 Adams 0.0 0.0 0.0 1.0 0.0 
1914 forest 0.0 0.0 0.0 1.0 0.0 
1755 places 0.0 0.0 0.0 1.0 0.0 
278 youth 0.0 0.0 0.0 1.0 0.0 
1951 explains 1.0 0.0 0.0 0.0 0.0 
1036 Advisory 0.0 1.0 0.0 0.0 0.0 
461 Lore 0.0 0.0 0.0 1.0 0.0 
1838 shabby 0.0 1.0 0.0 0.0 0.0 
1034 Parish 0.0 0.0 0.0 1.0 0.0 
2147 unimportant 0.0 1.0 0.0 0.0 0.0 
846 early 0.0 1.0 0.0 0.0 0.0 
290 Peter 0.0 0.0 0.0 1.0 0.0 
132 Health 0.0 0.0 0.0 1.0 0.0 
1145 era 0.0 0.0 0.0 1.0 0.0 
1119 regions 0.0 0.0 0.0 1.0 0.0 
1326 acute 0.0 1.0 0.0 0.0 0.0 
81 leaving 1.0 0.0 0.0 0.0 0.0 
669 Coast 0.0 0.0 0.0 1.0 0.0 
1059 compassionate 0.0 1.0 0.0 0.0 0.0 
888 question 0.0 0.0 0.0 1.0 0.0 
376 Loss 0.0 0.0 0.0 1.0 0.0 
275 WALK 0.0 0.0 0.0 1.0 0.0 
749 Over 0.0 0.0 0.25 0.0 0.75 
517 Resource 0.0 0.0 0.0 0.5 0.5 
1720 Training 0.0 0.0 0.0 1.0 0.0 
2103 strength 0.0 0.0 0.0 1.0 0.0 
476 community 0.0 0.0 0.0 1.0 0.0 
864 soon 0.0 0.0 1.0 0.0 0.0 
1491 general 0.0 1.0 0.0 0.0 0.0 
1003 appointment 0.0 0.0 0.0 1.0 0.0 
1093 representative 0.0 0.0 0.0 1.0 0.0 
823 Government 0.0 0.0 0.0 1.0 0.0 
1370 seven 0.0 0.0 0.0 0.0 1.0 
1372 originally 0.0 0.0 1.0 0.0 0.0 
1476 lessening 1.0 0.0 0.0 0.0 0.0 
1923 commune 0.0 0.0 0.0 1.0 0.0 
1497 HALF 0.0 0.0 0.0 0.0 1.0 
143 very 0.0 0.0 1.0 0.0 0.0 
1472 Some 0.0 0.0 0.0 0.0 1.0 
274 Organise 1.0 0.0 0.0 0.0 0.0 
1047 Catholic 0.0 0.0 0.0 0.0 1.0 
655 Portsmouth 0.0 0.0 0.0 1.0 0.0 
203 amazed 0.0 1.0 0.0 0.0 0.0 
2110 revolution 0.0 0.0 0.0 1.0 0.0 
670 Brighton 0.0 0.0 0.0 1.0 0.0 
1385 feels 1.0 0.0 0.0 0.0 0.0 
2154 Free 0.0 1.0 0.0 0.0 0.0 
400 After 0.0 0.0 0.0 0.0 1.0 
1422 elsewhere 0.0 0.0 1.0 0.0 0.0 
1823 stock 0.0 0.0 0.0 1.0 0.0 
34 transmitted 0.5 0.0 0.0 0.0 0.5 
2009 arrived 1.0 0.0 0.0 0.0 0.0 
490 working 1.0 0.0 0.0 0.0 0.0 
163 favourite 0.0 0.0 0.0 0.0 1.0 
206 sold 1.0 0.0 0.0 0.0 0.0 
898 again 0.0 0.0 1.0 0.0 0.0 
2048 aborigines 0.0 0.0 0.0 1.0 0.0 
966 Air 0.0 0.0 0.0 1.0 0.0 
212 like 0.2857143 0.0 0.0 0.0 0.71428573 
1024 overseas 0.0 0.0 1.0 0.0 0.0 
508 receiving 0.5 0.0 0.0 0.0 0.5 
189 many 0.0 0.0 0.0 0.0 1.0 
30 not 0.0 0.0 0.0 0.0 1.0 
1815 protesting 1.0 0.0 0.0 0.0 0.0 
2124 nor 0.0 0.0 0.0 0.0 1.0 
116 probable 0.0 1.0 0.0 0.0 0.0 
925 happened 1.0 0.0 0.0 0.0 0.0 
1933 start 0.0 0.0 0.0 1.0 0.0 
709 grown 1.0 0.0 0.0 0.0 0.0 
427 now 0.0 0.0 1.0 0.0 0.0 
1061 covers 1.0 0.0 0.0 0.0 0.0 
1646 say 1.0 0.0 0.0 0.0 0.0 
71 combination 0.0 0.0 0.0 1.0 0.0 
944 myself 0.0 0.0 0.0 1.0 0.0 
680 saw 1.0 0.0 0.0 0.0 0.0 
1092 Constanta 0.0 0.0 0.0 1.0 0.0 
100 years 0.0 0.0 0.0 1.0 0.0 
1152 approaches 0.0 0.0 0.0 1.0 0.0 
187 some 0.0 0.0 0.0 0.0 1.0 
1690 outside 0.0 0.0 0.5 0.0 0.5 
1025 Acet 0.0 0.0 0.0 1.0 0.0 
1723 2245302 0.0 0.0 0.0 0.0 1.0 
1270 range 0.0 0.0 0.0 1.0 0.0 
492 line 0.0 0.0 0.0 1.0 0.0 
20 This 0.0 0.0 0.0 0.0 1.0 
1998 escape 0.0 0.0 0.0 1.0 0.0 
1122 attitude 0.0 0.0 0.0 1.0 0.0 
1125 words 0.0 0.0 0.0 1.0 0.0 
1071 February 0.0 0.0 0.0 1.0 0.0 
1120 starting 1.0 0.0 0.0 0.0 0.0 
1214 probably 0.0 0.0 1.0 0.0 0.0 
1374 mind 0.0 0.0 0.0 1.0 0.0 
1451 district 0.0 0.0 0.0 1.0 0.0 
645 end 0.0 0.0 0.0 1.0 0.0 
1585 launched 1.0 0.0 0.0 0.0 0.0 
807 nurses 0.0 0.0 0.0 1.0 0.0 
150 Jonathan 0.0 0.0 0.0 1.0 0.0 
2157 corner 0.0 0.0 0.0 1.0 0.0 
973 celebrations 0.0 0.0 0.0 1.0 0.0 
123 already 0.0 0.0 1.0 0.0 0.0 
1915 Thrushcross 0.0 0.0 0.0 1.0 0.0 
1157 process 0.0 0.0 0.0 0.5 0.5 
2122 really 0.0 0.0 1.0 0.0 0.0 
488 represents 1.0 0.0 0.0 0.0 0.0 
1044 Anglican 0.0 0.0 0.0 0.0 1.0 
1920 Heights 0.0 0.0 0.0 1.0 0.0 
1150 successfully 0.0 0.0 1.0 0.0 0.0 
1615 brother 0.0 0.0 0.0 1.0 0.0 
2160 discerns 1.0 0.0 0.0 0.0 0.0 
1163 Superintendent 0.0 0.0 0.0 1.0 0.0 
1172 proceeds 0.0 0.0 0.0 1.0 0.0 
370 subjects 0.0 0.0 0.0 1.0 0.0 
1458 plight 0.0 0.0 0.0 1.0 0.0 
2082 Reggae 0.0 0.0 0.0 1.0 0.0 
1805 stabbed 1.0 0.0 0.0 0.0 0.0 
261 courage 0.0 0.0 0.0 1.0 0.0 
1052 All 0.0 0.0 0.25 0.0 0.75 
1972 heat 0.0 0.0 0.0 1.0 0.0 
1329 Forward 0.0 0.0 1.0 0.0 0.0 
1360 Praise 0.0 0.0 0.0 1.0 0.0 
2025 toward 0.0 0.0 0.0 0.0 1.0 
267 HOLD 1.0 0.0 0.0 0.0 0.0 
1496 AND 0.0 0.0 0.0 0.0 1.0 
1097 Brasov 0.0 0.0 0.0 1.0 0.0 
1089 Bristow 0.0 0.0 0.0 1.0 0.0 
513 fund 1.0 0.0 0.0 0.0 0.0 
466 School 0.0 0.0 0.0 1.0 0.0 
446 cake 0.0 0.0 0.0 1.0 0.0 
739 BOX 0.0 0.0 0.0 1.0 0.0 
2078 dream 0.0 0.0 0.0 1.0 0.0 
711 visitors 0.0 0.0 0.0 1.0 0.0 
547 agencies 0.0 0.0 0.0 1.0 0.0 
1962 defecting 0.0 1.0 0.0 0.0 0.0 
1129 commented 1.0 0.0 0.0 0.0 0.0 
243 HAVE 1.0 0.0 0.0 0.0 0.0 
1701 They 0.0 0.0 0.0 1.0 0.0 
1812 Millett 0.0 0.0 0.0 1.0 0.0 
1594 policy 0.0 0.0 0.0 1.0 0.0 
661 Hampshire 0.0 0.0 0.0 1.0 0.0 
1778 known 1.0 0.0 0.0 0.0 0.0 
1094 Ana 0.0 0.0 0.0 0.6666667 0.33333334 
1898 characters 0.0 0.0 0.0 1.0 0.0 
1752 And 0.0 0.0 0.0 0.0 1.0 
1643 Meanwhile 0.0 0.0 1.0 0.0 0.0 
404 call 0.33333334 0.0 0.0 0.5 0.16666667 
732 Any 0.0 0.0 0.0 0.0 1.0 
1411 Operations 0.0 0.0 0.0 1.0 0.0 
1390 increased 1.0 0.0 0.0 0.0 0.0 
2093 breaks 1.0 0.0 0.0 0.0 0.0 
2098 Then 0.0 0.0 1.0 0.0 0.0 
14 virus 0.0 0.0 0.0 1.0 0.0 
93 currently 0.0 0.0 1.0 0.0 0.0 
832 because 0.0 0.0 0.0 0.0 1.0 
972 magazine 0.0 0.0 0.0 1.0 0.0 
988 another 0.0 0.0 0.0 0.0 1.0 
981 Florence 0.0 0.0 0.0 1.0 0.0 
239 full 0.0 1.0 0.0 0.0 0.0 
748 increases 1.0 0.0 0.0 0.0 0.0 
392 leader 0.0 0.0 0.0 1.0 0.0 
567 finding 1.0 0.0 0.0 0.0 0.0 
67 dramatic 0.0 1.0 0.0 0.0 0.0 
2084 making 1.0 0.0 0.0 0.0 0.0 
1845 construed 1.0 0.0 0.0 0.0 0.0 
1728 Road 0.0 0.0 0.0 1.0 0.0 
2179 surrounds 1.0 0.0 0.0 0.0 0.0 
1625 check 0.0 0.0 0.0 0.0 1.0 
696 vision 0.0 0.0 0.0 1.0 0.0 
314 volunteers 0.0 0.0 0.0 1.0 0.0 
320 unnecessarily 0.0 0.0 1.0 0.0 0.0 
1262 painful 0.0 1.0 0.0 0.0 0.0 
1869 complexion 0.0 0.0 0.0 1.0 0.0 
1573 came 1.0 0.0 0.0 0.0 0.0 
2081 transistors 0.0 0.0 0.0 1.0 0.0 
257 Not 0.0 0.0 0.0 0.0 1.0 
296 HOME 0.0 0.0 0.0 1.0 0.0 
1488 County 0.0 0.0 0.0 1.0 0.0 
1742 address 1.0 0.0 0.0 0.0 0.0 
383 Practical 0.0 1.0 0.0 0.0 0.0 
1288 special 0.0 1.0 0.0 0.0 0.0 
1957 rumoured 1.0 0.0 0.0 0.0 0.0 
1466 benefits 1.0 0.0 0.0 0.0 0.0 
1570 group 0.0 0.0 0.0 1.0 0.0 
1878 miss 0.0 0.0 0.0 1.0 0.0 
1202 average 0.0 0.0 0.0 1.0 0.0 
179 total 0.0 0.5 0.0 0.5 0.0 
220 need 0.42105263 0.0 0.0 0.42105263 0.15789473 
602 benefit 0.0 0.0 0.0 1.0 0.0 
626 West 0.0 0.0 0.0 1.0 0.0 
1042 recruited 1.0 0.0 0.0 0.0 0.0 
1285 higher 0.0 1.0 0.0 0.0 0.0 
1481 covering 1.0 0.0 0.0 0.0 0.0 
403 visit 0.0 0.0 0.0 0.8333333 0.16666667 
1353 featured 0.5 0.0 0.0 0.0 0.5 
1679 wait 0.5 0.0 0.0 0.0 0.5 
1439 Cross 0.0 0.0 0.0 1.0 0.0 
1431 University 0.0 0.0 0.0 1.0 0.0 
483 becoming 0.5 0.0 0.0 0.0 0.5 
1073 over 0.0 0.0 0.6666667 0.0 0.33333334 
1317 150 0.0 0.0 0.0 0.0 1.0 
2136 located 1.0 0.0 0.0 0.0 0.0 
758 contribution 0.0 0.0 0.0 1.0 0.0 
1462 she 0.0 0.0 0.0 1.0 0.0 
512 Board 0.0 0.0 0.0 0.5 0.5 
42 partner 0.0 0.0 0.0 1.0 0.0 
258 But 0.0 0.0 0.0 0.0 1.0 
1884 shrift 0.0 0.0 0.0 1.0 0.0 
2059 black 0.0 1.0 0.0 0.0 0.0 
359 asked 1.0 0.0 0.0 0.0 0.0 
198 Why 0.0 0.0 1.0 0.0 0.0 
1063 death 0.0 0.0 0.0 1.0 0.0 
174 number 0.0 0.0 0.0 1.0 0.0 
990 Capital 0.0 0.0 0.0 0.0 1.0 
922 vulnerable 0.0 1.0 0.0 0.0 0.0 
1977 smoke 0.0 0.0 0.0 0.0 1.0 
740 1323 0.0 0.0 0.0 0.0 1.0 
283 further 0.0 0.75 0.25 0.0 0.0 
1828 estrangements 0.0 0.0 0.0 1.0 0.0 
627 Third 0.0 0.0 0.0 0.0 1.0 
593 cities 0.0 0.0 0.0 1.0 0.0 
322 Transport 0.0 0.0 0.0 0.0 1.0 
1590 400 0.0 0.0 0.0 0.0 1.0 
928 Being 1.0 0.0 0.0 0.0 0.0 
16 HIV 0.0 0.0 0.0 1.0 0.0 
1312 explain 1.0 0.0 0.0 0.0 0.0 
1143 discovery 0.0 0.0 0.0 1.0 0.0 
715 before 0.0 0.0 0.0 0.0 1.0 
889 exhaustion 0.0 0.0 0.0 1.0 0.0 
579 Teenage 0.0 1.0 0.0 0.0 0.0 
1907 Inland 0.0 0.0 1.0 0.0 0.0 
597 seeking 1.0 0.0 0.0 0.0 0.0 
1937 antics 0.0 0.0 0.0 1.0 0.0 
368 six 0.0 0.0 0.0 0.0 1.0 
1863 slightly 0.0 0.0 1.0 0.0 0.0 
2066 Perhaps 0.0 0.0 1.0 0.0 0.0 
865 could 1.0 0.0 0.0 0.0 0.0 
1244 Planning 0.0 0.0 0.0 1.0 0.0 
1134 joining 1.0 0.0 0.0 0.0 0.0 
503 Glasgow 0.0 0.0 0.0 1.0 0.0 
1729 Duke 0.0 0.0 0.0 1.0 0.0 
1079 2nd 0.0 0.0 0.0 0.0 1.0 
269 MORNING 0.0 0.0 0.0 1.0 0.0 
344 firm 0.0 0.25 0.0 0.75 0.0 
133 Organisation 0.0 0.0 0.0 1.0 0.0 
1881 shy 0.0 1.0 0.0 0.0 0.0 
1994 guerrillas 0.0 0.0 0.0 1.0 0.0 
1576 living 0.5 0.0 0.0 0.5 0.0 
1133 backing 0.0 0.0 0.0 1.0 0.0 
1995 talked 1.0 0.0 0.0 0.0 0.0 
1975 fire 0.0 0.0 0.0 1.0 0.0 
1547 represent 1.0 0.0 0.0 0.0 0.0 
1432 College 0.0 0.0 0.0 1.0 0.0 
65 blindness 0.0 0.0 0.0 1.0 0.0 
1928 extracted 1.0 0.0 0.0 0.0 0.0 
1871 russet 0.0 0.0 0.0 0.0 1.0 
553 counselling 0.0 0.0 0.0 1.0 0.0 
1373 elderly 0.0 1.0 0.0 0.0 0.0 
1090 returned 1.0 0.0 0.0 0.0 0.0 
578 Symposium 0.0 0.0 0.0 1.0 0.0 
23 body 0.0 0.0 0.0 1.0 0.0 
288 840 0.0 0.0 0.0 0.0 1.0 
1245 impossible 0.0 1.0 0.0 0.0 0.0 
2149 same 0.0 0.0 0.0 0.0 1.0 
895 enough 0.0 0.0 1.0 0.0 0.0 
311 who 0.0 0.0 0.0 1.0 0.0 
1126 doctor 0.0 0.0 0.0 1.0 0.0 
1153 close 0.0 1.0 0.0 0.0 0.0 
856 facts 0.0 0.0 0.0 1.0 0.0 
1062 key 0.0 1.0 0.0 0.0 0.0 
170 get 1.0 0.0 0.0 0.0 0.0 
2156 coup 0.0 0.0 0.0 1.0 0.0 
230 10p 0.0 0.0 0.0 1.0 0.0 
1632 stint 0.0 0.0 0.0 1.0 0.0 
215 sale 0.0 0.0 0.0 1.0 0.0 
559 Scotland 0.0 0.0 0.0 1.0 0.0 
1768 near 0.0 0.0 0.0 0.0 1.0 
912 fevers 0.0 0.0 0.0 1.0 0.0 
1128 against 0.0 0.0 0.0 0.0 1.0 
411 meetings 0.0 0.0 0.0 1.0 0.0 
1064 sex 0.0 0.0 0.0 1.0 0.0 
660 Purchased 1.0 0.0 0.0 0.0 0.0 
1708 carefully 0.0 0.0 1.0 0.0 0.0 
1383 neck 0.0 0.0 0.0 1.0 0.0 
1394 set 1.0 0.0 0.0 0.0 0.0 
601 today 0.0 0.0 1.0 0.0 0.0 
1803 Boston 0.0 0.0 0.0 1.0 0.0 
152 former 0.0 0.0 0.0 0.0 1.0 
1950 Chinee 0.0 0.0 0.0 0.0 1.0 
1389 area 0.0 0.0 0.0 1.0 0.0 
932 experience 0.0 0.0 0.0 0.5 0.5 
1609 catching 1.0 0.0 0.0 0.0 0.0 
1364 signalling 0.0 0.0 0.0 1.0 0.0 
1470 individuals 0.0 0.0 0.0 1.0 0.0 
1117 five 0.0 0.0 0.0 0.0 1.0 
1331 communication 0.0 0.0 0.0 1.0 0.0 
1921 desolate 0.0 1.0 0.0 0.0 0.0 
1904 sea 0.0 0.0 0.0 1.0 0.0 
142 still 0.0 0.0 1.0 0.0 0.0 
91 vaccine 0.0 0.0 0.0 1.0 0.0 
1613 message 0.0 0.0 0.0 1.0 0.0 
2171 diminish 1.0 0.0 0.0 0.0 0.0 
1660 sandwich 0.0 0.0 0.0 1.0 0.0 
1612 see 1.0 0.0 0.0 0.0 0.0 
1669 off 0.0 0.0 0.75 0.0 0.25 
1550 arrival 0.0 0.0 0.0 1.0 0.0 
156 Programme 0.0 0.0 0.0 1.0 0.0 
1452 visits 0.5 0.0 0.0 0.5 0.0 
237 why 0.0 0.0 1.0 0.0 0.0 
193 they 0.0 0.0 0.0 1.0 0.0 
1448 Wandsworth 0.0 0.0 0.0 1.0 0.0 
1966 Bryant 0.0 0.0 0.0 1.0 0.0 
565 unprepared 0.0 1.0 0.0 0.0 0.0 
413 concern 0.0 0.0 0.0 1.0 0.0 
1371 Designed 1.0 0.0 0.0 0.0 0.0 
1416 inception 0.0 0.0 0.0 1.0 0.0 
92 cure 0.0 0.0 0.0 0.0 1.0 
1611 telephoning 1.0 0.0 0.0 0.0 0.0 
77 rejected 1.0 0.0 0.0 0.0 0.0 
1655 combine 1.0 0.0 0.0 0.0 0.0 
1617 weekend 0.0 0.0 0.0 1.0 0.0 
542 says 1.0 0.0 0.0 0.0 0.0 
1127 only 0.0 0.2857143 0.71428573 0.0 0.0 
1225 occurrence 0.0 0.0 0.0 1.0 0.0 
822 educated 1.0 0.0 0.0 0.0 0.0 
913 Basically 0.0 0.0 1.0 0.0 0.0 
1844 knife 0.0 0.0 0.0 1.0 0.0 
1620 ring 1.0 0.0 0.0 0.0 0.0 
903 herpes 0.0 0.0 0.0 1.0 0.0 
554 services 0.0 0.0 0.0 1.0 0.0 
248 church 0.0 0.0 0.0 1.0 0.0 
921 sighted 1.0 0.0 0.0 0.0 0.0 
1792 Gail 0.0 0.0 0.0 1.0 0.0 
2129 murdered 0.0 0.0 0.0 0.0 1.0 
754 measured 1.0 0.0 0.0 0.0 0.0 
940 welfare 0.0 0.0 0.0 1.0 0.0 
448 third 0.0 0.0 0.0 0.0 1.0 
1066 responses 0.0 0.0 0.0 1.0 0.0 
372 include 1.0 0.0 0.0 0.0 0.0 
1591 excluding 1.0 0.0 0.0 0.0 0.0 
1450 managed 1.0 0.0 0.0 0.0 0.0 
1661 traffic 0.0 0.0 0.0 1.0 0.0 
1529 earlier 0.0 0.5 0.5 0.0 0.0 
1893 Well 0.0 0.0 1.0 0.0 0.0 
580 Swanwick 0.0 0.0 0.0 1.0 0.0 
82 them 0.0 0.0 0.0 1.0 0.0 
1173 unclaimed 0.0 1.0 0.0 0.0 0.0 
1398 gay 0.0 1.0 0.0 0.0 0.0 
908 experienced 1.0 0.0 0.0 0.0 0.0 
1295 then 0.0 0.0 1.0 0.0 0.0 
2040 disordered 0.0 1.0 0.0 0.0 0.0 
1228 measures 0.0 0.0 0.0 1.0 0.0 
2164 records 1.0 0.0 0.0 0.0 0.0 
1821 novel 0.0 0.0 0.0 0.8 0.2 
256 JUMP 0.0 0.0 0.0 1.0 0.0 
318 different 0.0 1.0 0.0 0.0 0.0 
1418 creation 0.0 0.0 0.0 1.0 0.0 
102 realising 1.0 0.0 0.0 0.0 0.0 
525 Gillies 0.0 0.0 0.0 1.0 0.0 
428 Telephone 0.0 0.0 0.0 0.0 1.0 
1630 moment 0.0 0.0 0.0 1.0 0.0 
613 subject 0.0 0.0 0.0 1.0 0.0 
1445 followed 0.5 0.0 0.0 0.0 0.5 
1564 looking 1.0 0.0 0.0 0.0 0.0 
1748 apparent 0.0 1.0 0.0 0.0 0.0 
1682 heard 1.0 0.0 0.0 0.0 0.0 
806 allowing 1.0 0.0 0.0 0.0 0.0 
74 Often 0.0 0.0 1.0 0.0 0.0 
1169 Karen 0.0 0.0 0.0 1.0 0.0 
745 Dear 0.0 1.0 0.0 0.0 0.0 
1250 Slowly 0.0 0.0 1.0 0.0 0.0 
1849 modishness 0.0 0.0 0.0 1.0 0.0 
718 similar 0.0 1.0 0.0 0.0 0.0 
1631 usual 0.0 1.0 0.0 0.0 0.0 
734 edited 1.0 0.0 0.0 0.0 0.0 
848 stigma 0.0 0.0 0.0 1.0 0.0 
17 Immuno 0.0 0.0 0.0 1.0 0.0 
6 Immune 0.0 1.0 0.0 0.0 0.0 
1751 flight 0.0 0.0 0.0 1.0 0.0 
2055 residence 0.0 0.0 0.0 1.0 0.0 
24 's 0.0 0.0 0.0 0.84615386 0.15384616 
658 accommodation 0.0 0.0 0.0 1.0 0.0 
453 interview 0.0 0.0 0.0 1.0 0.0 
1412 within 0.0 0.0 0.0 0.0 1.0 
713 Germany 0.0 0.0 0.0 1.0 0.0 
1555 qualified 1.0 0.0 0.0 0.0 0.0 
157 ACET 0.0 0.0 0.0 1.0 0.0 
266 cause 0.0 0.0 0.0 1.0 0.0 
1853 second 0.0 0.0 0.0 0.0 1.0 
1545 Initiative 0.0 0.0 0.0 1.0 0.0 
1859 firmly 0.0 0.0 1.0 0.0 0.0 
790 Kasozi 0.0 0.0 0.0 0.6666667 0.33333334 
1356 chat 0.0 0.0 0.0 1.0 0.0 
1875 middle 0.0 0.0 0.0 1.0 0.0 
2128 deserts 1.0 0.0 0.0 0.0 0.0 
1607 looks 1.0 0.0 0.0 0.0 0.0 
2102 sky 0.0 0.0 0.0 1.0 0.0 
1058 level 0.0 0.0 0.0 0.0 1.0 
309 someone 0.0 0.0 0.0 1.0 0.0 
1911 centres 0.0 0.0 0.0 1.0 0.0 
1141 developing 0.33333334 0.33333334 0.0 0.0 0.33333334 
1309 official 0.0 1.0 0.0 0.0 0.0 
7 Deficiency 0.0 0.0 0.0 1.0 0.0 
716 returning 1.0 0.0 0.0 0.0 0.0 
1715 appropriate 0.0 1.0 0.0 0.0 0.0 
1514 resolving 1.0 0.0 0.0 0.0 0.0 
860 such 0.0 0.0 0.0 0.0 1.0 
618 offering 1.0 0.0 0.0 0.0 0.0 
1554 referrals 0.0 0.0 0.0 1.0 0.0 
419 professional 0.0 1.0 0.0 0.0 0.0 
1737 Guerrillas 0.0 0.0 0.0 1.0 0.0 
1939 describing 1.0 0.0 0.0 0.0 0.0 
432 Janet 0.0 0.0 0.0 1.0 0.0 
1095 Ureche 0.0 0.0 0.0 0.5 0.5 
47 mother 0.0 0.0 0.0 1.0 0.0 
205 stuff 0.0 0.0 0.0 1.0 0.0 
2007 supposing 1.0 0.0 0.0 0.0 0.0 
2076 operate 1.0 0.0 0.0 0.0 0.0 
388 issues 0.0 0.0 0.0 1.0 0.0 
15 called 1.0 0.0 0.0 0.0 0.0 
1179 EDUCATION 0.0 0.0 0.0 1.0 0.0 
84 this 0.0 0.0 0.0 0.0 1.0 
1813 William 0.0 0.0 0.0 1.0 0.0 
791 uganda 0.0 0.0 0.0 1.0 0.0 
2174 coups 0.0 0.0 0.0 1.0 0.0 
1180 TRAINING 0.0 0.0 0.0 1.0 0.0 
1536 Alison 0.0 0.0 0.0 1.0 0.0 
1770 Spain 0.0 0.0 0.0 1.0 0.0 
648 Kay 0.0 0.0 0.0 1.0 0.0 
834 way 0.0 0.0 0.0 1.0 0.0 
46 from 0.0 0.0 0.0 0.0 1.0 
1629 includes 1.0 0.0 0.0 0.0 0.0 
485 believe 1.0 0.0 0.0 0.0 0.0 
56 affect 1.0 0.0 0.0 0.0 0.0 
703 network 0.0 0.0 0.0 1.0 0.0 
201 was 1.0 0.0 0.0 0.0 0.0 
110 risk 0.0 0.0 0.0 1.0 0.0 
493 real 0.0 1.0 0.0 0.0 0.0 
1677 scoot 1.0 0.0 0.0 0.0 0.0 
687 staff 0.0 0.0 0.0 1.0 0.0 
336 able 0.0 1.0 0.0 0.0 0.0 
789 Anthony 0.0 0.0 0.0 1.0 0.0 
850 driven 1.0 0.0 0.0 0.0 0.0 
1307 rise 1.0 0.0 0.0 0.0 0.0 
663 Authority 0.0 0.0 0.0 1.0 0.0 
873 deciding 1.0 0.0 0.0 0.0 0.0 
775 fundraising 0.0 0.0 0.0 1.0 0.0 
2140 prevail 1.0 0.0 0.0 0.0 0.0 
1885 receive 1.0 0.0 0.0 0.0 0.0 
99 between 0.0 0.0 0.0 0.0 1.0 
2107 bauxite 0.0 0.0 0.0 1.0 0.0 
361 application 0.0 0.0 0.0 1.0 0.0 
1525 TEAR 0.0 0.0 0.0 1.0 0.0 
487 important 0.0 1.0 0.0 0.0 0.0 
1286 opiates 0.0 0.0 0.0 1.0 0.0 
668 growing 0.25 0.25 0.0 0.0 0.5 
1074 Programmes 0.0 0.0 0.0 1.0 0.0 
1868 freckled 0.0 1.0 0.0 0.0 0.0 
398 adequately 0.0 0.0 1.0 0.0 0.0 
851 away 0.0 0.0 0.6666667 0.0 0.33333334 
1984 felt 1.0 0.0 0.0 0.0 0.0 
1247 commonest 0.0 1.0 0.0 0.0 0.0 
1930 revolutionary 0.0 1.0 0.0 0.0 0.0 
236 runner 0.0 0.0 0.0 1.0 0.0 
833 themselves 0.0 0.0 0.0 1.0 0.0 
1276 remained 1.0 0.0 0.0 0.0 0.0 
1500 found 1.0 0.0 0.0 0.0 0.0 
802 These 0.0 0.0 0.0 0.0 1.0 
1103 passed 0.5 0.0 0.0 0.0 0.5 
31 fight 1.0 0.0 0.0 0.0 0.0 
1447 Neighbourhood 0.0 0.0 0.0 1.0 0.0 
441 East 0.0 0.0 0.0 1.0 0.0 
1298 specialist 0.0 0.0 0.0 0.75 0.25 
1820 wrote 1.0 0.0 0.0 0.0 0.0 
792 received 1.0 0.0 0.0 0.0 0.0 
1460 Princess 0.0 0.0 0.0 1.0 0.0 
2158 occurs 1.0 0.0 0.0 0.0 0.0 
1410 38 0.0 0.0 0.0 0.0 1.0 
38 intercourse 0.0 0.0 0.0 1.0 0.0 
1565 forward 0.0 0.0 1.0 0.0 0.0 
1231 reduced 1.0 0.0 0.0 0.0 0.0 
135 40 0.0 0.0 0.0 0.0 1.0 
1559 Epsom 0.0 0.0 0.0 1.0 0.0 
882 happen 1.0 0.0 0.0 0.0 0.0 
571 dying 0.25 0.0 0.0 0.0 0.75 
1019 Clinic 0.0 0.0 0.0 1.0 0.0 
1836 piece 0.0 0.0 0.0 1.0 0.0 
684 YMCA 0.0 0.0 0.0 1.0 0.0 
1027 Rev 0.0 0.0 0.0 1.0 0.0 
646 serve 1.0 0.0 0.0 0.0 0.0 
1102 turn 0.5 0.0 0.0 0.5 0.0 
1760 ends 0.0 0.0 0.0 1.0 0.0 
1138 Surgeon 0.0 0.0 0.0 1.0 0.0 
172 There 0.0 0.0 0.0 0.0 1.0 
2133 cancels 1.0 0.0 0.0 0.0 0.0 
1030 22 0.0 0.0 0.0 0.0 1.0 
2181 bystanders 0.0 0.0 0.0 1.0 0.0 
422 24 0.0 0.0 0.0 0.0 1.0 
1342 Archie 0.0 0.0 0.0 1.0 0.0 
1648 admitted 1.0 0.0 0.0 0.0 0.0 
94 available 0.0 1.0 0.0 0.0 0.0 
1430 astronomy 0.0 0.0 0.0 1.0 0.0 
289 7879 0.0 0.0 0.0 0.0 1.0 
2094 Politicians 0.0 0.0 0.0 1.0 0.0 
676 price 0.0 0.0 0.0 1.0 0.0 
1593 30 0.0 0.0 0.0 0.0 1.0 
862 afraid 0.0 1.0 0.0 0.0 0.0 
801 coming 0.5 0.5 0.0 0.0 0.0 
2047 woodland 0.0 0.0 0.0 1.0 0.0 
169 own 0.16666667 0.0 0.0 0.0 0.8333333 
175 ways 0.0 0.0 0.0 1.0 0.0 
1070 September 0.0 0.0 0.0 1.0 0.0 
83 face 0.16666667 0.0 0.0 0.6666667 0.16666667 
642 Bulletin 0.0 0.0 0.0 1.0 0.0 
574 common 0.0 1.0 0.0 0.0 0.0 
1960 haji 0.0 0.0 0.0 1.0 0.0 
238 next 0.0 0.0 0.0 0.0 1.0 
1587 15 0.0 0.0 0.0 0.0 1.0 
710 Three 0.0 0.0 0.0 0.0 1.0 
1240 12 0.0 0.0 0.0 0.0 1.0 
634 21 0.0 0.0 0.0 0.0 1.0 
527 20 0.0 0.0 0.0 0.0 1.0 
330 nightsitting 0.0 0.0 0.0 0.0 1.0 
857 surrounding 0.6666667 0.0 0.0 0.0 0.33333334 
1502 happy 0.0 1.0 0.0 0.0 0.0 
1954 notice 0.0 0.0 0.0 0.0 1.0 
1873 hair 0.0 0.0 0.0 1.0 0.0 
1236 With 0.0 0.0 0.0 0.0 1.0 
958 direct 0.0 1.0 0.0 0.0 0.0 
1687 arriving 1.0 0.0 0.0 0.0 0.0 
1475 factor 0.0 0.0 0.0 1.0 0.0 
2143 angle 0.0 0.0 0.0 1.0 0.0 
95 10 0.0 0.0 0.0 0.0 1.0 
1255 lung 0.0 0.0 0.0 1.0 0.0 
2163 fact 0.0 0.0 0.0 1.0 0.0 
2148 worrying 0.0 1.0 0.0 0.0 0.0 
1653 agree 1.0 0.0 0.0 0.0 0.0 
1217 Cause 0.0 0.0 0.0 0.0 1.0 
686 both 0.0 0.0 1.0 0.0 0.0 
738 NEWSLETTER 0.0 0.0 0.0 1.0 0.0 
756 terms 0.0 0.0 0.0 1.0 0.0 
1 FACTSHEET 0.0 0.0 0.0 1.0 0.0 
1974 drought 0.0 0.0 0.0 1.0 0.0 
552 contacts 0.0 0.0 0.0 1.0 0.0 
313 after 0.0 0.0 0.0 0.0 1.0 
1473 affected 1.0 0.0 0.0 0.0 0.0 
835 takes 1.0 0.0 0.0 0.0 0.0 
2054 taken 1.0 0.0 0.0 0.0 0.0 
581 conference 0.0 0.0 0.0 1.0 0.0 
1649 unable 0.0 1.0 0.0 0.0 0.0 
255 PARACHUTE 0.0 0.0 0.0 1.0 0.0 
1508 victim 0.0 0.0 0.0 1.0 0.0 
562 Unprepared 0.0 1.0 0.0 0.0 0.0 
2002 white 0.0 1.0 0.0 0.0 0.0 
165 fun 0.0 0.6666667 0.0 0.0 0.33333334 
769 willing 0.0 1.0 0.0 0.0 0.0 
620 inform 1.0 0.0 0.0 0.0 0.0 
117 that 0.0 0.0 0.0 0.0 1.0 
468 Surrey 0.0 0.0 0.0 1.0 0.0 
414 encourage 1.0 0.0 0.0 0.0 0.0 
1858 characterise 1.0 0.0 0.0 0.0 0.0 
1216 than 0.0 0.0 0.0 0.0 1.0 
878 previously 0.0 0.0 1.0 0.0 0.0 
1314 70 0.0 0.0 0.0 0.0 1.0 
1072 require 1.0 0.0 0.0 0.0 0.0 
1982 roads 0.0 0.0 0.0 1.0 0.0 
1513 Whilst 0.0 0.0 0.0 0.0 1.0 
1115 UNICEF 0.0 0.0 0.0 1.0 0.0 
1232 result 0.0 0.0 0.0 1.0 0.0 
1650 ambulance 0.0 0.0 0.0 1.0 0.0 
1759 opposite 0.0 1.0 0.0 0.0 0.0 
1388 Referrals 0.0 0.0 0.0 1.0 0.0 
629 Report 0.0 0.0 0.0 1.0 0.0 
773 about 0.0 0.0 0.11764706 0.0 0.88235295 
685 well 0.0 0.25 0.625 0.0 0.125 
1956 Heathcliff 0.0 0.0 0.0 1.0 0.0 
424 facility 0.0 0.0 0.0 1.0 0.0 
1826 elaborate 0.0 1.0 0.0 0.0 0.0 
360 complete 1.0 0.0 0.0 0.0 0.0 
2178 Here 0.0 0.0 1.0 0.0 0.0 
2028 above 0.0 0.0 0.0 0.0 1.0 
1041 traditionally 0.0 0.0 1.0 0.0 0.0 
1747 modes 0.0 0.0 0.0 1.0 0.0 
1528 60 0.0 0.0 0.0 0.0 1.0 
1822 Hindu 0.0 1.0 0.0 0.0 0.0 
1544 Public 0.0 1.0 0.0 0.0 0.0 
1031 Minister 0.0 0.0 0.0 1.0 0.0 
335 feel 1.0 0.0 0.0 0.0 0.0 
2095 rush 1.0 0.0 0.0 0.0 0.0 
1795 slavish 0.0 1.0 0.0 0.0 0.0 
1008 Kilburn 0.0 0.0 0.0 1.0 0.0 
1722 Reg 0.0 0.0 0.0 1.0 0.0 
1978 mounds 0.0 0.0 0.0 1.0 0.0 
1774 Michael 0.0 0.0 0.0 1.0 0.0 
528 variety 0.0 0.0 0.0 1.0 0.0 
1362 units 0.0 0.0 0.0 1.0 0.0 
543 discovering 1.0 0.0 0.0 0.0 0.0 
1788 threatener 0.0 0.0 0.0 1.0 0.0 
699 unity 0.0 0.0 0.0 1.0 0.0 
595 supporting 0.0 0.0 0.0 0.0 1.0 
2119 beaten 1.0 0.0 0.0 0.0 0.0 
1084 directed 1.0 0.0 0.0 0.0 0.0 
506 service 0.0 0.0 0.0 1.0 0.0 
2134 claim 0.0 0.0 0.0 0.0 1.0 
1026 operations 0.0 0.0 0.0 1.0 0.0 
337 our 0.0 0.0 0.0 0.0 1.0 
1571 50 0.0 0.0 0.0 0.0 1.0 
104 out 0.0 0.0 0.7777778 0.0 0.22222222 
1711 skills 0.0 0.0 0.0 1.0 0.0 
1366 via 0.0 0.0 0.0 0.0 1.0 
1674 suffering 0.0 0.0 0.0 0.0 1.0 
98 for 0.0 0.0 0.0 0.0 1.0 
1017 Belgrave 0.0 0.0 0.0 0.0 1.0 
1310 falling 0.0 0.0 0.0 0.0 1.0 
2138 kinship 0.0 0.0 0.0 1.0 0.0 
1454 Petamadine 0.0 0.0 0.0 0.0 1.0 
1784 Malik 0.0 0.0 0.0 1.0 0.0 
1235 planners 0.0 0.0 0.0 1.0 0.0 
407 went 1.0 0.0 0.0 0.0 0.0 
2006 glamour 0.0 0.0 0.0 1.0 0.0 
2052 ancient 0.0 1.0 0.0 0.0 0.0 
1882 uneasy 0.0 1.0 0.0 0.0 0.0 
1081 Date 0.0 0.0 0.0 0.0 1.0 
890 Even 0.0 0.0 1.0 0.0 0.0 
1832 gifts 0.0 0.0 0.0 1.0 0.0 
241 marathon 0.0 0.0 0.0 1.0 0.0 
1340 choose 1.0 0.0 0.0 0.0 0.0 
1358 speaking 1.0 0.0 0.0 0.0 0.0 
2111 journalist 0.0 0.0 0.0 1.0 0.0 
1533 groups 0.0 0.0 0.0 1.0 0.0 
144 unstable 0.0 1.0 0.0 0.0 0.0 
1406 information 0.0 0.0 0.0 1.0 0.0 
1810 others 0.0 0.0 0.0 1.0 0.0 
1004 housing 0.0 0.0 0.0 1.0 0.0 
1624 Diary 0.0 0.0 0.0 1.0 0.0 
701 national 0.0 1.0 0.0 0.0 0.0 
2115 minister 0.0 0.0 0.0 1.0 0.0 
2051 insisting 1.0 0.0 0.0 0.0 0.0 
465 Abbeylands 0.0 0.0 0.0 1.0 0.0 
479 prevent 1.0 0.0 0.0 0.0 0.0 
654 doubled 1.0 0.0 0.0 0.0 0.0 
153 director 0.0 0.0 0.0 1.0 0.0 
1657 'll 0.0 0.0 0.0 1.0 0.0 
1327 ward 0.0 0.0 0.0 1.0 0.0 
838 Living 0.0 0.0 0.0 0.0 1.0 
1702 position 0.0 0.0 0.0 1.0 0.0 
780 rapidly 0.0 0.0 1.0 0.0 0.0 
1730 Street 0.0 0.0 0.0 1.0 0.0 
151 Mann 0.0 0.0 0.0 1.0 0.0 
1530 encouraged 0.0 0.0 0.0 0.0 1.0 
1953 failed 1.0 0.0 0.0 0.0 0.0 
1860 separated 1.0 0.0 0.0 0.0 0.0 
302 Many 0.0 0.0 0.0 0.0 1.0 
1688 ushered 1.0 0.0 0.0 0.0 0.0 
1428 ensuring 1.0 0.0 0.0 0.0 0.0 
591 London 0.0 0.0 0.0 1.0 0.0 
264 wanted 1.0 0.0 0.0 0.0 0.0 
1131 effective 0.0 1.0 0.0 0.0 0.0 
2151 title 0.0 0.0 0.0 1.0 0.0 
1696 seems 1.0 0.0 0.0 0.0 0.0 
2175 latter 0.0 0.0 0.0 0.0 1.0 
1195 length 0.0 0.0 0.0 1.0 0.0 
781 Glover 0.0 0.0 0.0 1.0 0.0 
52 giving 1.0 0.0 0.0 0.0 0.0 
977 One 0.0 0.0 0.0 0.0 1.0 
1165 Police 0.0 0.0 0.0 1.0 0.0 
763 want 1.0 0.0 0.0 0.0 0.0 
735 Please 0.0 0.0 1.0 0.0 0.0 
1924 Jimmy 0.0 0.0 0.0 1.0 0.0 
371 covered 0.6666667 0.0 0.0 0.0 0.33333334 
755 purely 0.0 0.0 1.0 0.0 0.0 
866 rely 1.0 0.0 0.0 0.0 0.0 
1013 responsible 0.0 1.0 0.0 0.0 0.0 
1116 establish 1.0 0.0 0.0 0.0 0.0 
2012 acknowledges 1.0 0.0 0.0 0.0 0.0 
746 Friend 0.0 0.0 0.0 0.0 1.0 
418 access 0.0 0.0 0.0 1.0 0.0 
1444 visitor 0.0 0.0 0.0 1.0 0.0 
2113 Meredith 0.0 0.0 0.0 1.0 0.0 
693 Johnson 0.0 0.0 0.0 1.0 0.0 
1854 article 0.0 0.0 0.0 1.0 0.0 
1659 munching 1.0 0.0 0.0 0.0 0.0 
1504 clearly 0.0 0.0 1.0 0.0 0.0 
1540 based 1.0 0.0 0.0 0.0 0.0 
1386 unsafe 0.0 1.0 0.0 0.0 0.0 
1461 Diana 0.0 0.0 0.0 1.0 0.0 
1887 old 0.0 1.0 0.0 0.0 0.0 
548 Scottish 0.0 1.0 0.0 0.0 0.0 
510 grant 0.0 0.0 0.0 1.0 0.0 
1718 wish 0.0 0.0 0.0 1.0 0.0 
585 workers 0.0 0.0 0.0 1.0 0.0 
1397 cared 1.0 0.0 0.0 0.0 0.0 
2041 matted 0.0 1.0 0.0 0.0 0.0 
1840 silly 0.0 1.0 0.0 0.0 0.0 
519 were 1.0 0.0 0.0 0.0 0.0 
1804 turned 1.0 0.0 0.0 0.0 0.0 
284 please 0.0 0.0 1.0 0.0 0.0 
124 died 1.0 0.0 0.0 0.0 0.0 
750 three 0.0 0.0 0.0 0.0 1.0 
472 pleased 0.0 1.0 0.0 0.0 0.0 
849 positive 0.0 0.6 0.0 0.0 0.4 
253 work 0.2 0.0 0.0 0.65 0.15 
1382 worn 1.0 0.0 0.0 0.0 0.0 
1780 Muslim 0.0 1.0 0.0 0.0 0.0 
721 expressed 1.0 0.0 0.0 0.0 0.0 
1146 global 0.0 1.0 0.0 0.0 0.0 
464 class 0.0 0.0 0.0 1.0 0.0 
1174 property 0.0 0.0 0.0 1.0 0.0 
698 sense 0.0 0.0 0.0 1.0 0.0 
1694 staying 1.0 0.0 0.0 0.0 0.0 
725 programme 0.0 0.0 0.0 1.0 0.0 
1038 Needed 0.0 0.0 0.0 0.0 1.0 
1968 Medusa 0.0 0.0 0.0 1.0 0.0 
1700 company 0.0 0.0 0.0 1.0 0.0 
2017 Africa 0.0 0.0 0.0 1.0 0.0 
1890 Theroux 0.0 0.0 0.0 1.0 0.0 
1857 word 0.0 0.0 0.0 1.0 0.0 
572 even 0.0 0.0 0.5 0.0 0.5 
592 rest 0.0 0.0 0.0 1.0 0.0 
2121 disturbances 0.0 0.0 0.0 1.0 0.0 
63 pneumonia 0.0 0.0 0.0 1.0 0.0 
1888 friend 0.0 0.0 0.0 1.0 0.0 
1039 ever 0.0 0.0 1.0 0.0 0.0 
2061 warm 0.0 1.0 0.0 0.0 0.0 
1894 allow 1.0 0.0 0.0 0.0 0.0 
1548 interests 0.0 0.0 0.0 1.0 0.0 
831 behaviour 0.0 0.0 0.0 1.0 0.0 
366 one 0.0 0.0 0.0 0.2857143 0.71428573 
1992 contained 1.0 0.0 0.0 0.0 0.0 
502 Dixon 0.0 0.0 0.0 1.0 0.0 
440 South 0.0 0.0 0.0 1.0 0.0 
885 pretty 0.0 0.33333334 0.6666667 0.0 0.0 
951 recent 0.0 1.0 0.0 0.0 0.0 
1378 merely 0.0 0.0 1.0 0.0 0.0 
955 researched 1.0 0.0 0.0 0.0 0.0 
1243 fit 0.0 1.0 0.0 0.0 0.0 
450 during 0.0 0.0 0.0 0.0 1.0 
436 offices 0.0 0.0 0.0 1.0 0.0 
942 Organisations 0.0 0.0 0.0 1.0 0.0 
1468 mean 1.0 0.0 0.0 0.0 0.0 
234 For 0.0 0.0 0.0 0.0 1.0 
386 find 1.0 0.0 0.0 0.0 0.0 
1365 distress 0.0 0.0 0.0 1.0 0.0 
405 office 0.0 0.0 0.0 1.0 0.0 
39 with 0.0 0.0 0.0 0.0 1.0 
214 boot 0.0 0.0 0.0 0.0 1.0 
1050 fill 1.0 0.0 0.0 0.0 0.0 
1159 decade 0.0 0.0 0.0 1.0 0.0 
467 Addlestone 0.0 0.0 0.0 1.0 0.0 
783 Box 0.0 0.0 0.0 1.0 0.0 
339 families 0.0 0.0 0.0 1.0 0.0 
1464 Children 0.0 0.0 0.0 1.0 0.0 
1492 deals 0.0 0.0 0.0 0.0 1.0 
604 safety 0.0 0.0 0.0 1.0 0.0 
1979 rubbish 0.0 0.0 0.0 1.0 0.0 
628 Annual 0.0 1.0 0.0 0.0 0.0 
948 continue 1.0 0.0 0.0 0.0 0.0 
2018 book 0.0 0.0 0.0 1.0 0.0 
105 heterosexual 0.0 1.0 0.0 0.0 0.0 
305 periods 0.0 0.0 0.0 1.0 0.0 
2161 visibility 0.0 0.0 0.0 1.0 0.0 
1879 French 0.0 0.0 0.0 0.0 1.0 
1499 particular 0.0 1.0 0.0 0.0 0.0 
826 awareness 0.0 0.0 0.0 1.0 0.0 
2085 party 0.0 0.0 0.0 1.0 0.0 
1936 spoke 1.0 0.0 0.0 0.0 0.0 
1537 Maunsell 0.0 0.0 0.0 1.0 0.0 
1531 participants 0.0 0.0 0.0 1.0 0.0 
671 colour 0.0 0.0 0.0 1.0 0.0 
1185 Fast 0.0 0.0 0.0 0.0 1.0 
306 time 0.0 0.0 0.0 1.0 0.0 
2019 joined 1.0 0.0 0.0 0.0 0.0 
1557 Dublin 0.0 0.0 0.0 1.0 0.0 
504 opened 1.0 0.0 0.0 0.0 0.0 
73 these 0.0 0.0 0.0 0.0 1.0 
722 organisational 0.0 1.0 0.0 0.0 0.0 
1799 Hakim 0.0 0.0 0.0 1.0 0.0 
1918 mansion 0.0 0.0 0.0 1.0 0.0 
545 offers 1.0 0.0 0.0 0.0 0.0 
2172 deserves 1.0 0.0 0.0 0.0 0.0 
1749 respectively 0.0 0.0 1.0 0.0 0.0 
224 Do 1.0 0.0 0.0 0.0 0.0 
1005 project 0.0 0.0 0.0 1.0 0.0 
500 Dr 0.0 0.0 0.0 1.0 0.0 
412 discuss 1.0 0.0 0.0 0.0 0.0 
1274 unfold 1.0 0.0 0.0 0.0 0.0 
557 opening 0.5 0.0 0.0 0.5 0.0 
1249 Sarcoma 0.0 0.0 0.0 0.0 1.0 
2008 herself 0.0 0.0 0.0 1.0 0.0 
1808 De 0.0 0.0 0.0 1.0 0.0 
678 each 0.0 0.0 0.0 0.0 1.0 
1233 big 0.0 1.0 0.0 0.0 0.0 
1056 knowledge 0.0 0.0 0.0 1.0 0.0 
1725 318 0.0 0.0 0.0 0.0 1.0 
788 Work 0.0 0.0 0.0 0.5 0.5 
354 training 0.0 0.0 0.0 0.875 0.125 
1166 Station 0.0 0.0 0.0 1.0 0.0 
892 authority 0.0 0.0 0.0 1.0 0.0 
1523 partly 0.0 0.0 1.0 0.0 0.0 
1627 appointments 0.0 0.0 0.0 1.0 0.0 
641 educators 0.0 0.0 0.0 1.0 0.0 
1969 pigtails 0.0 0.0 0.0 0.5 0.5 
1689 side 0.0 0.0 0.0 1.0 0.0 
2033 lived 1.0 0.0 0.0 0.0 0.0 
319 ensure 1.0 0.0 0.0 0.0 0.0 
569 member 0.0 0.0 0.0 1.0 0.0 
2022 define 1.0 0.0 0.0 0.0 0.0 
183 Below 0.0 0.0 1.0 0.0 0.0 
1567 EALING 0.0 0.0 0.0 1.0 0.0 
1336 choices 0.0 0.0 0.0 1.0 0.0 
1598 Response 0.0 0.0 0.0 1.0 0.0 
666 charities 0.0 0.0 0.0 1.0 0.0 
1297 increasing 0.0 0.5 0.0 0.0 0.5 
423 hour 0.0 0.0 0.0 1.0 0.0 
2150 conspicuous 0.0 1.0 0.0 0.0 0.0 
1581 standards 0.0 0.0 0.0 1.0 0.0 
324 Housework 0.0 0.0 0.0 1.0 0.0 
1621 GP 0.0 0.0 0.0 1.0 0.0 
675 public 0.0 0.0 0.0 1.0 0.0 
1671 A4 0.0 0.0 0.0 0.0 1.0 
2168 visible 0.0 1.0 0.0 0.0 0.0 
402 client 0.0 0.0 0.0 1.0 0.0 
979 broadcast 0.5 0.0 0.0 0.5 0.0 
526 has 1.0 0.0 0.0 0.0 0.0 
1035 appointed 1.0 0.0 0.0 0.0 0.0 
1574 Acton 0.0 0.0 0.0 1.0 0.0 
1549 strengthened 1.0 0.0 0.0 0.0 0.0 
623 wanting 1.0 0.0 0.0 0.0 0.0 
872 While 0.0 0.0 0.0 0.0 1.0 
1135 Everett 0.0 0.0 0.0 1.0 0.0 
1346 Jackie 0.0 0.0 0.0 1.0 0.0 
733 contributions 0.0 0.0 0.0 1.0 0.0 
704 had 1.0 0.0 0.0 0.0 0.0 
1347 Sears 0.0 0.0 0.0 1.0 0.0 
759 vital 0.0 1.0 0.0 0.0 0.0 
583 300 0.0 0.0 0.0 0.0 1.0 
300 Home 0.0 0.0 0.15384616 0.84615386 0.0 
1213 Patients 0.0 0.0 0.0 1.0 0.0 
1352 Officer 0.0 0.0 0.0 1.0 0.0 
2004 Jane 0.0 0.0 0.0 1.0 0.0 
1551 Catherine 0.0 0.0 0.0 1.0 0.0 
787 Ugandan 0.0 0.33333334 0.0 0.0 0.6666667 
1311 factors 0.0 0.0 0.0 1.0 0.0 
1781 names 0.0 0.0 0.0 1.0 0.0 
694 day 0.0 0.0 0.0 1.0 0.0 
1561 Tropical 0.0 1.0 0.0 0.0 0.0 
1308 fast 0.0 0.0 0.0 0.0 1.0 
2026 disillusioned 0.0 0.0 0.0 0.0 1.0 
295 AN 0.0 0.0 0.0 0.0 1.0 
964 hope 1.0 0.0 0.0 0.0 0.0 
2003 named 1.0 0.0 0.0 0.0 0.0 
1535 obtained 1.0 0.0 0.0 0.0 0.0 
245 At 0.0 0.0 0.4 0.0 0.6 
747 As 0.0 0.0 0.0 0.0 1.0 
1909 landscape 0.0 0.0 0.0 1.0 0.0 
532 Strathclyde 0.0 0.0 0.0 1.0 0.0 
1107 pilot 0.0 0.0 0.0 1.0 0.0 
32 infection 0.0 0.0 0.0 1.0 0.0 
770 An 0.0 0.0 0.0 0.0 1.0 
1568 JANUARY 0.0 0.0 0.0 1.0 0.0 
1912 activity 0.0 0.0 0.0 1.0 0.0 
1328 facilities 0.0 0.0 0.0 1.0 0.0 
962 By 0.0 0.0 0.0 0.0 1.0 
2120 His 0.0 0.0 0.0 0.0 1.0 
1732 2LP 0.0 0.0 0.0 0.0 1.0 
1040 constant 0.0 1.0 0.0 0.0 0.0 
1477 trauma 0.0 0.0 0.0 1.0 0.0 
346 obviously 0.0 0.0 1.0 0.0 0.0 
691 Uganda 0.0 0.0 0.0 1.0 0.0 
396 informed 0.33333334 0.0 0.0 0.0 0.6666667 
1264 therefore 0.0 0.0 1.0 0.0 0.0 
1509 never 0.0 0.0 1.0 0.0 0.0 
916 great 0.0 1.0 0.0 0.0 0.0 
811 kits 0.0 0.0 0.0 1.0 0.0 
1934 Nathaniel 0.0 0.0 0.0 1.0 0.0 
744 Be 1.0 0.0 0.0 0.0 0.0 
1069 take 1.0 0.0 0.0 0.0 0.0 
1381 pendant 0.0 0.0 0.0 1.0 0.0 
667 caring 0.0 0.0 0.0 0.0 1.0 
89 there 0.0 0.0 0.13333334 0.0 0.8666667 
2127 boy 0.0 0.0 0.0 1.0 0.0 
2116 damaged 1.0 0.0 0.0 0.0 0.0 
681 presentations 0.0 0.0 0.0 1.0 0.0 
970 appearance 0.0 0.0 0.0 1.0 0.0 
615 programmes 0.0 0.0 0.0 1.0 0.0 
934 campaigned 1.0 0.0 0.0 0.0 0.0 
1942 Blithedale 0.0 0.0 0.0 1.0 0.0 
221 involve 1.0 0.0 0.0 0.0 0.0 
608 Those 0.0 0.0 0.0 0.0 1.0 
643 shortly 0.0 0.0 1.0 0.0 0.0 
1229 improved 0.0 1.0 0.0 0.0 0.0 
2177 diminishable 0.0 1.0 0.0 0.0 0.0 
1532 lecturing 1.0 0.0 0.0 0.0 0.0 
539 given 1.0 0.0 0.0 0.0 0.0 
1171 Trust 0.0 0.0 0.0 0.0 1.0 
351 respond 1.0 0.0 0.0 0.0 0.0 
1510 among 0.0 0.0 0.0 0.0 1.0 
1846 desperate 0.0 1.0 0.0 0.0 0.0 
49 her 0.0 0.0 0.0 0.2 0.8 
1100 doctors 0.0 0.0 0.0 1.0 0.0 
1639 Still 0.0 0.0 1.0 0.0 0.0 
1405 voluntary 0.0 1.0 0.0 0.0 0.0 
155 Global 0.0 1.0 0.0 0.0 0.0 
983 itself 0.0 0.0 0.0 1.0 0.0 
1144 entering 1.0 0.0 0.0 0.0 0.0 
1668 Having 1.0 0.0 0.0 0.0 0.0 
186 listed 1.0 0.0 0.0 0.0 0.0 
2039 wild 0.0 0.5 0.0 0.0 0.5 
178 final 0.0 1.0 0.0 0.0 0.0 
1098 sixty 0.0 0.0 0.0 0.0 1.0 
967 numerous 0.0 1.0 0.0 0.0 0.0 
409 hold 1.0 0.0 0.0 0.0 0.0 
1437 career 0.0 0.0 0.0 1.0 0.0 
2114 Herbert 0.0 0.0 0.0 1.0 0.0 
1731 N1 0.0 0.0 0.0 0.0 1.0 
2100 helicopters 0.0 0.0 0.0 1.0 0.0 
2038 Every 0.0 0.0 1.0 0.0 0.0 
1020 Chiswick 0.0 0.0 0.0 1.0 0.0 
1227 preventative 0.0 1.0 0.0 0.0 0.0 
358 will 1.0 0.0 0.0 0.0 0.0 
489 Church 0.0 0.0 0.0 1.0 0.0 
1835 journalistic 0.0 1.0 0.0 0.0 0.0 
498 getting 1.0 0.0 0.0 0.0 0.0 
310 home 0.0 0.0 0.09090909 0.90909094 0.0 
534 Council 0.0 0.0 0.0 1.0 0.0 
1560 tropical 0.0 1.0 0.0 0.0 0.0 
60 aspects 0.0 0.0 0.0 1.0 0.0 
1829 England 0.0 0.0 0.0 1.0 0.0 
1961 holy 0.0 1.0 0.0 0.0 0.0 
452 short 0.0 1.0 0.0 0.0 0.0 
199 clear 0.0 0.6666667 0.0 0.0 0.33333334 
1785 gained 1.0 0.0 0.0 0.0 0.0 
308 unless 0.0 0.0 0.0 0.0 1.0 
1896 undetected 0.0 1.0 0.0 0.0 0.0 
416 visiting 1.0 0.0 0.0 0.0 0.0 
399 supported 1.0 0.0 0.0 0.0 0.0 
191 None 0.0 0.0 0.0 1.0 0.0 
45 products 0.0 0.0 0.0 1.0 0.0 
1009 greatly 0.0 0.0 1.0 0.0 0.0 
1212 moths 0.0 0.0 0.0 1.0 0.0 
874 stay 0.8 0.0 0.0 0.0 0.2 
818 beautiful 0.0 1.0 0.0 0.0 0.0 
978 Independent 0.0 1.0 0.0 0.0 0.0 
1305 exceed 1.0 0.0 0.0 0.0 0.0 
765 links 0.0 0.0 0.0 1.0 0.0 
1651 No 0.0 0.0 0.0 0.5 0.5 
619 speakers 0.0 0.0 0.0 1.0 0.0 
276 OR 0.0 0.0 0.0 0.0 1.0 
2001 Baldwin 0.0 0.0 0.0 1.0 0.0 
782 PO 0.0 0.0 0.0 1.0 0.0 
965 On 0.0 0.0 0.0 0.0 1.0 
1704 Of 0.0 0.0 1.0 0.0 0.0 
445 cut 1.0 0.0 0.0 0.0 0.0 
920 partially 0.0 0.0 1.0 0.0 0.0 
1078 25th 0.0 0.0 0.0 0.0 1.0 
1045 Methodist 0.0 0.0 0.0 0.0 1.0 
1698 Her 0.0 0.0 0.0 0.0 1.0 
819 devastated 1.0 0.0 0.0 0.0 0.0 
1075 follows 1.0 0.0 0.0 0.0 0.0 
1012 Jones 0.0 0.0 0.0 1.0 0.0 
1673 Although 0.0 0.0 0.0 0.0 1.0 
1582 Within 0.0 0.0 0.0 0.0 1.0 
1944 conceived 1.0 0.0 0.0 0.0 0.0 
795 him 0.0 0.0 0.0 1.0 0.0 
1415 since 0.0 0.0 0.0 0.0 1.0 
1675 type 0.0 0.0 0.0 1.0 0.0 
1716 related 0.0 1.0 0.0 0.0 0.0 
1296 changed 1.0 0.0 0.0 0.0 0.0 
729 Letters 0.0 0.0 0.0 1.0 0.0 
910 potentially 0.0 0.0 1.0 0.0 0.0 
384 Issues 0.0 0.0 0.0 1.0 0.0 
598 schools 0.0 0.0 0.0 1.0 0.0 
457 his 0.0 0.0 0.0 0.045454547 0.95454544 
78 family 0.0 0.0 0.0 1.0 0.0 
1048 House 0.0 0.0 0.0 0.0 1.0 
1254 difficulties 0.0 0.0 0.0 1.0 0.0 
1320 required 0.5 0.0 0.0 0.0 0.5 
1158 He 0.0 0.0 0.0 1.0 0.0 
880 asking 1.0 0.0 0.0 0.0 0.0 
550 Body 0.0 0.0 0.0 1.0 0.0 
1181 IN 0.0 0.0 0.0 0.0 1.0 
1983 charred 0.0 0.0 0.0 0.0 1.0 
911 fatal 0.0 1.0 0.0 0.0 0.0 
2104 meant 1.0 0.0 0.0 0.0 0.0 
3 IS 1.0 0.0 0.0 0.0 0.0 
316 team 0.0 0.0 0.0 1.0 0.0 
938 sectors 0.0 0.0 0.0 1.0 0.0 
1606 arrive 1.0 0.0 0.0 0.0 0.0 
1403 Boroughs 0.0 0.0 0.0 1.0 0.0 
1467 whole 0.0 1.0 0.0 0.0 0.0 
1267 lives 0.6666667 0.0 0.0 0.33333334 0.0 
2118 streets 0.0 0.0 0.0 1.0 0.0 
281 If 0.0 0.0 0.0 0.0 1.0 
291 Fabian 0.0 0.0 0.0 1.0 0.0 
2035 quitters 0.0 0.0 0.0 1.0 0.0 
621 motivate 1.0 0.0 0.0 0.0 0.0 
112 In 0.0 0.0 0.0 0.0 1.0 
2064 grease 0.0 0.0 0.0 0.0 1.0 
1187 CHANGES 0.0 0.0 0.0 0.0 1.0 
219 indoors 0.0 0.0 1.0 0.0 0.0 
1459 highlighted 1.0 0.0 0.0 0.0 0.0 
1603 Day 0.0 0.0 0.0 1.0 0.0 
51 It 0.0 0.0 0.0 1.0 0.0 
599 considered 0.0 0.0 0.0 0.0 1.0 
2112 politician 0.0 0.0 0.0 1.0 0.0 
2050 ancestral 0.0 1.0 0.0 0.0 0.0 
644 east 0.0 0.0 0.0 1.0 0.0 
664 building 0.0 0.0 0.0 1.0 0.0 
631 annual 0.0 1.0 0.0 0.0 0.0 
1989 political 0.0 1.0 0.0 0.0 0.0 
589 added 1.0 0.0 0.0 0.0 0.0 
1493 gives 1.0 0.0 0.0 0.0 0.0 
162 your 0.0 0.0 0.0 0.0 1.0 
1602 agreement 0.0 0.0 0.0 1.0 0.0 
778 play 1.0 0.0 0.0 0.0 0.0 
154 WHO 0.0 0.0 0.0 1.0 0.0 
941 provision 0.0 0.0 0.0 1.0 0.0 
984 fitted 0.0 0.0 0.0 0.0 1.0 
760 ongoing 0.0 1.0 0.0 0.0 0.0 
1001 Education 0.0 0.0 0.0 1.0 0.0 
1714 objectives 0.0 0.0 0.0 1.0 0.0 
226 plan 1.0 0.0 0.0 0.0 0.0 
926 mentally 0.0 0.0 1.0 0.0 0.0 
1354 Thamesmead 0.0 0.0 0.0 1.0 0.0 
1469 generations 0.0 0.0 0.0 1.0 0.0 
1855 wife 0.0 0.0 0.0 1.0 0.0 
1986 rankness 0.0 0.0 0.0 1.0 0.0 
1118 Romanian 0.0 1.0 0.0 0.0 0.0 
393 also 0.0 0.0 1.0 0.0 0.0 
1194 changes 0.0 0.0 0.0 1.0 0.0 
742 W5 0.0 0.0 0.0 0.0 1.0 
1592 hardship 0.0 0.0 0.0 1.0 0.0 
777 newsletters 0.0 0.0 0.0 1.0 0.0 
723 equipment 0.0 0.0 0.0 1.0 0.0 
1553 manage 1.0 0.0 0.0 0.0 0.0 
1753 countries 0.0 0.0 0.0 1.0 0.0 
1867 eyes 0.0 0.0 0.0 1.0 0.0 
768 recruit 1.0 0.0 0.0 0.0 0.0 
1021 formerly 0.0 0.0 1.0 0.0 0.0 
1552 Murphy 0.0 0.0 0.0 1.0 0.0 
1971 polluted 0.0 1.0 0.0 0.0 0.0 
1494 along 0.0 0.0 0.0 0.0 1.0 
86 alone 0.0 0.0 0.33333334 0.0 0.6666667 
2036 supplies 1.0 0.0 0.0 0.0 0.0 
650 responsibility 0.0 0.0 0.0 1.0 0.0 
907 Recently 0.0 0.0 1.0 0.0 0.0 
1137 US 0.0 0.0 0.0 1.0 0.0 
415 Volunteers 0.0 0.0 0.0 1.0 0.0 
939 adequate 0.0 1.0 0.0 0.0 0.0 
1641 waiting 1.0 0.0 0.0 0.0 0.0 
767 To 0.0 0.0 0.0 0.0 1.0 
529 churches 0.0 0.0 0.0 1.0 0.0 
451 June 0.0 0.0 0.0 1.0 0.0 
444 attendance 0.0 0.0 0.0 1.0 0.0 
381 Race 0.0 0.0 0.0 0.0 1.0 
837 Patron 0.0 0.0 0.0 1.0 0.0 
113 UK 0.0 0.0 0.0 1.0 0.0 
2141 sanctions 0.0 0.0 0.0 1.0 0.0 
1608 quiet 0.0 1.0 0.0 0.0 0.0 
43 blood 0.0 0.0 0.0 1.0 0.0 
861 became 1.0 0.0 0.0 0.0 0.0 
1486 Anne 0.0 0.0 0.0 1.0 0.0 
263 always 0.0 0.0 1.0 0.0 0.0 
273 colleagues 0.0 0.0 0.0 1.0 0.0 
828 convince 1.0 0.0 0.0 0.0 0.0 
36 unprotected 0.0 1.0 0.0 0.0 0.0 
1622 standby 0.0 0.0 0.0 0.0 1.0 
1726 St 0.0 0.0 0.0 1.0 0.0 
531 referred 1.0 0.0 0.0 0.0 0.0 
1271 complex 0.0 0.0 0.0 0.0 1.0 
1856 Patricia 0.0 0.0 0.0 1.0 0.0 
85 chronic 0.0 1.0 0.0 0.0 0.0 
1104 use 0.0 0.0 0.0 1.0 0.0 
1424 lengths 0.0 0.0 0.0 1.0 0.0 
2072 letting 1.0 0.0 0.0 0.0 0.0 
390 difficult 0.0 1.0 0.0 0.0 0.0 
185 've 0.0 0.0 0.0 1.0 0.0 
1054 designed 0.5 0.0 0.0 0.0 0.5 
1556 Steeven 0.0 0.0 0.0 1.0 0.0 
408 We 0.0 0.0 0.0 1.0 0.0 
840 Creedy 0.0 0.0 0.0 1.0 0.0 
1734 1970s 0.0 0.0 0.0 0.0 1.0 
1335 best 0.0 1.0 0.0 0.0 0.0 
1289 syringe 0.0 0.0 0.0 0.0 1.0 
50 baby 0.0 0.0 0.0 1.0 0.0 
158 International 0.0 1.0 0.0 0.0 0.0 
923 whatever 0.0 0.0 0.0 0.0 1.0 
1237 pneumonias 0.0 0.0 0.0 1.0 0.0 
148 come 1.0 0.0 0.0 0.0 0.0 
1283 back 0.0 0.0 0.8333333 0.16666667 0.0 
640 seen 1.0 0.0 0.0 0.0 0.0 
329 Daysitting 1.0 0.0 0.0 0.0 0.0 
1758 seem 1.0 0.0 0.0 0.0 0.0 
956 material 0.0 0.0 0.0 1.0 0.0 
1997 talking 1.0 0.0 0.0 0.0 0.0 
659 July 0.0 0.0 0.0 1.0 0.0 
887 down 0.0 0.0 0.6666667 0.0 0.33333334 
367 week 0.0 0.0 0.0 1.0 0.0 
1976 hills 0.0 0.0 0.0 1.0 0.0 
271 CAKES 0.0 0.0 0.0 1.0 0.0 
1578 remit 0.0 0.0 0.0 1.0 0.0 
1456 CHILDREN 0.0 0.0 0.0 1.0 0.0 
342 busy 0.0 1.0 0.0 0.0 0.0 
697 marvellous 0.0 1.0 0.0 0.0 0.0 
265 good 0.0 1.0 0.0 0.0 0.0 
975 News 0.0 0.0 0.0 1.0 0.0 
1068 grief 0.0 0.0 0.0 1.0 0.0 
1272 debilitating 0.0 1.0 0.0 0.0 0.0 
2173 understood 1.0 0.0 0.0 0.0 0.0 
1658 lunch 0.0 0.0 0.0 1.0 0.0 
1076 Thames 0.0 0.0 0.0 1.0 0.0 
2090 heightened 1.0 0.0 0.0 0.0 0.0 
947 control 0.0 0.0 0.0 1.0 0.0 
1842 whose 0.0 0.0 0.0 0.0 1.0 
11 condition 0.0 0.0 0.0 1.0 0.0 
2167 explanation 0.0 0.0 0.0 1.0 0.0 
515 Hospital 0.0 0.0 0.0 1.0 0.0 
1000 Harris 0.0 0.0 0.0 1.0 0.0 
2060 behind 0.0 0.0 0.0 0.0 1.0 
906 gone 1.0 0.0 0.0 0.0 0.0 
1210 period 0.0 0.0 0.0 1.0 0.0 
1683 pub 0.0 0.0 0.0 1.0 0.0 
395 leaders 0.0 0.0 0.0 1.0 0.0 
1384 difference 0.0 0.0 0.0 1.0 0.0 
2077 whereas 0.0 0.0 0.0 0.0 1.0 
904 tremors 0.0 0.0 0.0 1.0 0.0 
1958 Emperor 0.0 0.0 0.0 1.0 0.0 
1965 whom 0.0 0.0 0.0 1.0 0.0 
1515 got 0.0 0.0 0.0 0.0 1.0 
1973 languishes 1.0 0.0 0.0 0.0 0.0 
213 car 0.0 0.0 0.0 1.0 0.0 
29 can 1.0 0.0 0.0 0.0 0.0 
653 children 0.0 0.0 0.0 1.0 0.0 
1139 Speaking 1.0 0.0 0.0 0.0 0.0 
495 So 0.0 0.0 1.0 0.0 0.0 
2070 ranging 1.0 0.0 0.0 0.0 0.0 
1959 China 0.0 0.0 0.0 0.0 1.0 
410 regular 0.0 1.0 0.0 0.0 0.0 
1724 299293 0.0 0.0 0.0 0.0 1.0 
1811 killings 0.0 0.0 0.0 1.0 0.0 
280 FOOTBALL 0.0 0.0 0.0 1.0 0.0 
57 you 0.0 0.0 0.0 1.0 0.0 
927 mattered 1.0 0.0 0.0 0.0 0.0 
1692 English 0.0 0.5 0.0 0.5 0.0 
1644 cry 0.0 0.0 0.0 1.0 0.0 
417 immediate 0.0 1.0 0.0 0.0 0.0 
1198 illnesses 0.0 0.0 0.0 1.0 0.0 
1638 anything 0.0 0.0 0.0 1.0 0.0 
1011 Denise 0.0 0.0 0.0 1.0 0.0 
1479 OFFICE 0.0 0.0 0.0 1.0 0.0 
1949 hakwai 0.0 0.0 0.0 1.0 0.0 
1586 registered 0.0 1.0 0.0 0.0 0.0 
1539 regional 0.0 1.0 0.0 0.0 0.0 
1218 changing 0.0 0.0 0.0 0.0 1.0 
1279 increase 0.0 0.0 0.0 1.0 0.0 
1291 weak 0.0 1.0 0.0 0.0 0.0 
397 involvement 0.0 0.0 0.0 1.0 0.0 
771 person 0.0 0.0 0.0 1.0 0.0 
993 Service 0.0 0.0 0.0 0.6666667 0.33333334 
570 congregation 0.0 0.0 0.0 1.0 0.0 
298 VOLUNTEER 0.0 0.0 0.0 0.0 1.0 
1666 gasping 1.0 0.0 0.0 0.0 0.0 
2 WHAT 0.0 0.0 0.0 0.0 1.0 
374 Dying 0.0 0.0 0.0 0.0 1.0 
1672 house 0.0 0.0 0.0 1.0 0.0 
1604 Life 0.0 0.0 0.0 1.0 0.0 
75 people 0.0 0.0 0.0 1.0 0.0 
1219 beyond 0.0 0.0 0.0 0.0 1.0 
1697 understands 1.0 0.0 0.0 0.0 0.0 
2013 Roche 0.0 0.0 0.0 1.0 0.0 
870 housework 0.0 0.0 0.0 1.0 0.0 
2182 concentrates 0.0 0.0 0.0 0.0 1.0 
1541 Northampton 0.0 0.0 0.0 1.0 0.0 
1049 spending 1.0 0.0 0.0 0.0 0.0 
96 million 0.0 0.0 0.0 0.0 1.0 
1408 DIRECTOR 0.0 0.0 0.0 1.0 0.0 
1241 hours 0.0 0.0 0.0 1.0 0.0 
297 CARE 0.0 0.0 0.0 0.0 1.0 
1396 Around 0.0 0.0 0.0 0.0 1.0 
279 MARATHON 0.0 0.0 0.0 0.0 1.0 
1051 gaps 0.0 0.0 0.0 1.0 0.0 
820 stopped 1.0 0.0 0.0 0.0 0.0 
1330 planning 0.0 0.0 0.0 0.0 1.0 
1322 backed 1.0 0.0 0.0 0.0 0.0 
1744 alienation 0.0 0.0 0.0 1.0 0.0 
995 pharmaceutical 0.0 1.0 0.0 0.0 0.0 
2180 distinguishes 1.0 0.0 0.0 0.0 0.0 
2058 inspect 1.0 0.0 0.0 0.0 0.0 
194 straightforward 0.0 1.0 0.0 0.0 0.0 
249 put 1.0 0.0 0.0 0.0 0.0 
223 jumble 0.0 0.0 0.0 1.0 0.0 
2105 secure 1.0 0.0 0.0 0.0 0.0 
1862 Caribbean 0.0 0.75 0.0 0.25 0.0 
1147 pandemic 0.0 1.0 0.0 0.0 0.0 
380 Aspects 0.0 0.0 0.0 1.0 0.0 
1850 antic 0.0 0.0 0.0 0.0 1.0 
518 Unit 0.0 0.0 0.0 1.0 0.0 
1710 according 0.0 0.0 0.0 0.0 1.0 
1877 modern 0.0 1.0 0.0 0.0 0.0 
129 believed 1.0 0.0 0.0 0.0 0.0 
107 twice 0.0 0.0 1.0 0.0 0.0 
1623 transport 0.0 0.0 0.0 1.0 0.0 
272 sell 1.0 0.0 0.0 0.0 0.0 
1833 capacity 0.0 0.0 0.0 1.0 0.0 
982 Just 0.0 0.0 1.0 0.0 0.0 
1474 believes 1.0 0.0 0.0 0.0 0.0 
138 just 0.0 0.0 0.8333333 0.0 0.16666667 
2034 prospective 0.0 1.0 0.0 0.0 0.0 
1419 post 0.0 0.0 0.0 1.0 0.0 
120 cases 0.0 0.0 0.0 1.0 0.0 
225 n't 1.0 0.0 0.0 0.0 0.0 
1182 COMMUNITY 0.0 0.0 0.0 1.0 0.0 
1743 theme 0.0 0.0 0.0 1.0 0.0 
66 dementia 0.0 0.0 0.0 1.0 0.0 
1256 gut 0.0 0.0 0.0 1.0 0.0 
568 established 0.0 1.0 0.0 0.0 0.0 
1085 Overseas 0.0 1.0 0.0 0.0 0.0 
724 loans 0.0 0.0 0.0 1.0 0.0 
1522 Next 0.0 0.0 0.0 0.0 1.0 
1111 led 1.0 0.0 0.0 0.0 0.0 
1985 testify 1.0 0.0 0.0 0.0 0.0 
968 radio 0.0 0.0 0.0 1.0 0.0 
244 DISCO 0.0 0.0 0.0 1.0 0.0 
1350 Press 0.0 0.0 0.0 0.0 1.0 
431 Catlin 0.0 0.0 0.0 1.0 0.0 
1642 phone 1.0 0.0 0.0 0.0 0.0 
730 Editor 0.0 0.0 0.0 1.0 0.0 
216 but 0.0 0.0 0.0 0.0 1.0 
2087 mystery 0.0 0.0 0.0 1.0 0.0 
459 Nurse 0.0 0.0 0.0 0.8 0.2 
943 enable 1.0 0.0 0.0 0.0 0.0 
825 raising 0.0 0.0 0.0 0.0 1.0 
1363 remote 0.0 1.0 0.0 0.0 0.0 
1222 used 1.0 0.0 0.0 0.0 0.0 
588 been 1.0 0.0 0.0 0.0 0.0 
171 together 0.0 0.0 1.0 0.0 0.0 
1678 Arrive 1.0 0.0 0.0 0.0 0.0 
1676 septicaemia 0.0 0.0 0.0 1.0 0.0 
357 nurse 0.0 0.0 0.0 1.0 0.0 
1440 Nursing 0.0 0.0 0.0 0.0 1.0 
379 Medical 0.0 1.0 0.0 0.0 0.0 
293 Fundraising 0.0 0.0 0.0 1.0 0.0 
1215 longer 0.0 0.33333334 0.6666667 0.0 0.0 
551 Positive 0.0 1.0 0.0 0.0 0.0 
299 About 0.0 0.0 0.0 0.0 1.0 
1917 Named 1.0 0.0 0.0 0.0 0.0 
635 Official 0.0 1.0 0.0 0.0 0.0 
1434 accountancy 0.0 0.0 0.0 1.0 0.0 
352 effectively 0.0 0.0 1.0 0.0 0.0 
389 situations 0.0 0.0 0.0 1.0 0.0 
1534 literature 0.0 0.0 0.0 1.0 0.0 
1349 BOARD 0.0 0.0 0.0 1.0 0.0 
726 Like 0.0 0.0 0.0 0.0 1.0 
159 Adviser 0.0 0.0 0.0 1.0 0.0 
1294 picture 0.0 0.0 0.0 1.0 0.0 
672 booklet 0.0 0.0 0.0 1.0 0.0 
1325 beds 0.0 0.0 0.0 1.0 0.0 
1526 Following 1.0 0.0 0.0 0.0 0.0 
808 outlying 0.0 1.0 0.0 0.0 0.0 
433 Sutton 0.0 0.0 0.0 1.0 0.0 
1601 Likewise 0.0 0.0 1.0 0.0 0.0 
1580 highest 0.0 1.0 0.0 0.0 0.0 
1596 statutory 0.0 1.0 0.0 0.0 0.0 
1318 March 0.0 0.0 0.0 1.0 0.0 
1945 phantasmagorical 0.0 1.0 0.0 0.0 0.0 
1595 complement 0.0 0.0 0.0 0.0 1.0 
1234 implications 0.0 0.0 0.0 1.0 0.0 
2142 comprehend 1.0 0.0 0.0 0.0 0.0 
1588 Borough 0.0 0.0 0.0 1.0 0.0 
115 infections 0.0 0.0 0.0 1.0 0.0 
2130 exist 1.0 0.0 0.0 0.0 0.0 
443 cameras 0.0 0.0 0.0 1.0 0.0 
350 availability 0.0 0.0 0.0 1.0 0.0 
458 Community 0.0 0.0 0.0 1.0 0.0 
614 Both 0.0 0.0 0.6666667 0.0 0.33333334 
536 funding 0.0 0.0 0.0 0.5 0.5 
139 beginning 0.0 0.0 0.0 1.0 0.0 
931 pressure 0.0 0.0 0.0 0.0 1.0 
1754 poor 0.0 1.0 0.0 0.0 0.0 
1077 9th 0.0 0.0 0.0 0.0 1.0 
555 Chris 0.0 0.0 0.0 1.0 0.0 
717 begin 1.0 0.0 0.0 0.0 0.0 
963 around 0.0 0.0 0.0 0.0 1.0 
1637 fixtures 0.0 0.0 0.0 1.0 0.0 
1993 Gangs 0.0 0.0 0.0 1.0 0.0 
1895 mercilessness 0.0 0.0 0.0 1.0 0.0 
603 their 0.0 0.0 0.0 0.0 1.0 
1010 missed 1.0 0.0 0.0 0.0 0.0 
700 first 0.0 0.0 0.0 0.0 1.0 
1579 fledgling 0.0 0.0 0.0 0.0 1.0 
323 clients 0.0 0.0 0.0 1.0 0.0 
1033 Ardler 0.0 0.0 0.0 0.0 1.0 
1257 causing 1.0 0.0 0.0 0.0 0.0 
470 said 1.0 0.0 0.0 0.0 0.0 
1155 communities 0.0 0.0 0.0 1.0 0.0 
1269 threat 0.0 0.0 0.0 1.0 0.0 
1423 explained 1.0 0.0 0.0 0.0 0.0 
1446 until 0.0 0.0 0.0 0.0 1.0 
992 Two 0.0 0.0 0.0 0.0 1.0 
649 Hopps 0.0 0.0 0.0 1.0 0.0 
2152 story 0.0 0.0 0.0 1.0 0.0 
2027 backwater 0.0 0.0 0.0 1.0 0.0 
1861 politics 0.0 0.0 0.0 1.0 0.0 
292 Director 0.0 0.0 0.0 1.0 0.0 
1259 breath 0.0 0.0 0.0 1.0 0.0 
1727 Paul 0.0 0.0 0.0 1.0 0.0 
1988 conflagration 0.0 0.0 0.0 1.0 0.0 
1538 Midlands 0.0 0.0 0.0 1.0 0.0 
816 he 0.0 0.0 0.0 1.0 0.0 
858 transmission 0.0 0.0 0.0 1.0 0.0 
1825 amid 0.0 0.0 0.0 0.0 1.0 
134 projects 0.0 0.0 0.0 0.6666667 0.33333334 
950 independently 0.0 0.0 1.0 0.0 0.0 
1377 summoned 1.0 0.0 0.0 0.0 0.0 
501 Patrick 0.0 0.0 0.0 1.0 0.0 
945 retain 1.0 0.0 0.0 0.0 0.0 
1667 air 0.0 0.0 0.0 1.0 0.0 
307 hospital 0.0 0.0 0.0 1.0 0.0 
897 go 1.0 0.0 0.0 0.0 0.0 
349 idea 0.0 0.0 0.0 1.0 0.0 
176 raise 1.0 0.0 0.0 0.0 0.0 
254 rewarding 0.0 1.0 0.0 0.0 0.0 
2029 Ridge 0.0 0.0 0.0 1.0 0.0 
1775 de 0.0 0.0 0.0 1.0 0.0 
2086 stops 1.0 0.0 0.0 0.0 0.0 
2097 loot 0.0 0.0 0.0 1.0 0.0 
774 consider 1.0 0.0 0.0 0.0 0.0 
429 write 1.0 0.0 0.0 0.0 0.0 
1226 current 0.0 1.0 0.0 0.0 0.0 
167 do 1.0 0.0 0.0 0.0 0.0 
1015 left 0.5 0.0 0.0 0.0 0.5 
936 affecting 1.0 0.0 0.0 0.0 0.0 
1740 River 0.0 0.0 0.0 1.0 0.0 
250 evening 0.0 0.0 0.0 1.0 0.0 
1065 sexuality 0.0 0.0 0.0 1.0 0.0 
1503 man 0.0 0.0 0.0 1.0 0.0 
312 look 1.0 0.0 0.0 0.0 0.0 
891 weekly 0.0 1.0 0.0 0.0 0.0 
2106 safe 0.0 1.0 0.0 0.0 0.0 
1633 ironing 0.0 0.0 0.0 0.0 1.0 
2083 beat 0.0 0.0 0.0 1.0 0.0 
1925 Ahmed 0.0 0.0 0.0 1.0 0.0 
535 may 1.0 0.0 0.0 0.0 0.0 
1597 organizations 0.0 0.0 0.0 1.0 0.0 
353 needs 0.14285715 0.0 0.0 0.85714287 0.0 
1614 answerphone 0.0 0.0 0.0 1.0 0.0 
2031 barricaded 0.0 0.0 0.0 0.0 1.0 
875 independent 0.0 1.0 0.0 0.0 0.0 
1252 lesions 0.0 0.0 0.0 1.0 0.0 
1484 Link 0.0 0.0 0.0 0.6666667 0.33333334 
262 what 0.0 0.0 0.0 0.0 1.0 
511 Greater 0.0 0.0 0.0 1.0 0.0 
1498 ago 0.0 0.0 1.0 0.0 0.0 
705 gathered 1.0 0.0 0.0 0.0 0.0 
1935 Hawthorne 0.0 0.0 0.0 1.0 0.0 
147 yet 0.0 0.0 1.0 0.0 0.0 
137 2000 0.0 0.0 0.0 0.0 1.0 
1681 ca 1.0 0.0 0.0 0.0 0.0 
53 normal 0.0 1.0 0.0 0.0 0.0 
1441 qualifying 1.0 0.0 0.0 0.0 0.0 
1401 abroad 0.0 0.0 1.0 0.0 0.0 
13 by 0.0 0.0 0.0 0.0 1.0 
929 aware 0.0 1.0 0.0 0.0 0.0 
304 long 0.0 0.33333334 0.33333334 0.0 0.33333334 
1756 backwaters 0.0 0.0 0.0 1.0 0.0 
2117 deal 1.0 0.0 0.0 0.0 0.0 
425 would 1.0 0.0 0.0 0.0 0.0 
1693 unlike 0.0 0.0 0.0 0.0 1.0 
1164 Trobridge 0.0 0.0 0.0 1.0 0.0 
1521 future 0.0 0.0 0.0 0.0 1.0 
1996 Wealthy 0.0 1.0 0.0 0.0 0.0 
70 any 0.0 0.0 0.0 0.0 1.0 
1802 dead 0.0 1.0 0.0 0.0 0.0 
1402 aims 1.0 0.0 0.0 0.0 0.0 
1843 accessibility 0.0 0.0 0.0 1.0 0.0 
61 be 1.0 0.0 0.0 0.0 0.0 
793 financial 0.0 1.0 0.0 0.0 0.0 
1963 slum 0.0 0.0 0.0 1.0 0.0 
930 stress 0.0 0.0 0.0 1.0 0.0 
1839 contemptible 0.0 1.0 0.0 0.0 0.0 
1572 learn 1.0 0.0 0.0 0.0 0.0 
79 and 0.0 0.0 0.0 0.0 1.0 
695 reaffirmation 0.0 0.0 0.0 1.0 0.0 
679 Last 0.0 0.0 0.0 0.0 1.0 
1793 Benson 0.0 0.0 0.0 1.0 0.0 
1220 classical 0.0 1.0 0.0 0.0 0.0 
1938 played 0.5 0.0 0.0 0.0 0.5 
946 maximum 0.0 1.0 0.0 0.0 0.0 
474 doing 1.0 0.0 0.0 0.0 0.0 
1814 Kunstler 0.0 0.0 0.0 1.0 0.0 
1527 educational 0.0 1.0 0.0 0.0 0.0 
1110 Institute 0.0 0.0 0.0 1.0 0.0 
1359 Office 0.0 0.0 0.0 1.0 0.0 
1685 collect 1.0 0.0 0.0 0.0 0.0 
1184 Changing 0.0 0.0 0.0 0.0 1.0 
55 does 1.0 0.0 0.0 0.0 0.0 
2014 doer 0.0 0.0 0.0 1.0 0.0 
1865 remember 1.0 0.0 0.0 0.0 0.0 
1478 PORTSMOUTH 0.0 0.0 0.0 1.0 0.0 
1524 funded 1.0 0.0 0.0 0.0 0.0 
2024 intentions 0.0 0.0 0.0 1.0 0.0 
1242 outwardly 0.0 0.0 1.0 0.0 0.0 
1955 Emily 0.0 0.0 0.0 1.0 0.0 
338 existing 0.0 1.0 0.0 0.0 0.0 
1505 adapt 1.0 0.0 0.0 0.0 0.0 
294 BECOMING 1.0 0.0 0.0 0.0 0.0 
1991 island 0.0 0.0 0.0 1.0 0.0 
1192 statistics 0.0 0.0 0.0 1.0 0.0 
2079 treats 0.0 0.0 0.0 0.0 1.0 
817 met 0.6666667 0.0 0.0 0.0 0.33333334 
25 defence 0.0 0.0 0.0 1.0 0.0 
1167 hands 0.0 0.0 0.0 0.0 1.0 
1806 buried 0.0 0.0 0.0 0.0 1.0 
462 trip 0.0 0.0 0.0 1.0 0.0 
111 men 0.0 0.0 0.0 1.0 0.0 
974 Radio 0.0 0.0 0.0 0.85714287 0.14285715 
1932 foundered 1.0 0.0 0.0 0.0 0.0 
674 members 0.0 0.0 0.0 1.0 0.0 
180 all 0.0 0.0 0.0 0.0 1.0 
2046 houses 0.0 0.0 0.0 1.0 0.0 
497 criticised 1.0 0.0 0.0 0.0 0.0 
166 You 0.0 0.0 0.0 1.0 0.0 
1910 yields 1.0 0.0 0.0 0.0 0.0 
844 makes 1.0 0.0 0.0 0.0 0.0 
109 at 0.0 0.0 0.057692308 0.0 0.9423077 
108 as 0.0 0.0 0.16 0.0 0.84 
577 National 0.0 1.0 0.0 0.0 0.0 
1221 pneumocystis 0.0 0.0 0.0 1.0 0.0 
1827 racial 0.0 1.0 0.0 0.0 0.0 
605 emotional 0.0 1.0 0.0 0.0 0.0 
471 am 1.0 0.0 0.0 0.0 0.0 
40 an 0.0 0.0 0.0 0.0 1.0 
1112 meeting 0.0 0.0 0.0 0.0 1.0 
1130 privilege 0.0 0.0 0.0 1.0 0.0 
197 SALE 0.0 0.0 0.0 1.0 0.0 
1160 approach 0.0 0.0 0.0 1.0 0.0 
1414 growth 0.0 0.0 0.0 1.0 0.0 
541 employment 0.0 0.0 0.0 1.0 0.0 
1619 discusses 1.0 0.0 0.0 0.0 0.0 
2068 automobile 0.0 0.0 0.0 1.0 0.0 
90 no 0.0 0.0 0.27272728 0.0 0.72727275 
1940 socialist 0.0 1.0 0.0 0.0 0.0 
1032 Chalmers 0.0 0.0 0.0 1.0 0.0 
1082 fixed 1.0 0.0 0.0 0.0 0.0 
378 Sexuality 0.0 0.0 0.0 1.0 0.0 
72 of 0.0 0.0 0.0 0.0 1.0 
1789 whites 0.0 0.0 0.0 1.0 0.0 
1380 button 0.0 0.0 0.0 1.0 0.0 
509 confirmation 0.0 0.0 0.0 1.0 0.0 
168 on 0.0 0.0 0.03508772 0.0 0.9649123 
814 Returning 1.0 0.0 0.0 0.0 0.0 
2016 regime 0.0 0.0 0.0 1.0 0.0 
656 move 0.5 0.0 0.0 0.0 0.5 
173 limit 0.0 0.0 0.0 1.0 0.0 
2063 animals 0.0 0.0 0.0 1.0 0.0 
1706 maybe 0.0 0.0 1.0 0.0 0.0 
345 commitment 0.0 0.0 0.0 1.0 0.0 
44 or 0.0 0.0 0.0 0.0 1.0 
824 done 1.0 0.0 0.0 0.0 0.0 
915 reality 0.0 0.0 0.0 1.0 0.0 
712 Frankfurt 0.0 0.0 0.0 1.0 0.0 
1379 pressing 1.0 0.0 0.0 0.0 0.0 
612 month 0.0 0.0 0.0 1.0 0.0 
1569 small 0.0 1.0 0.0 0.0 0.0 
1281 expert 0.0 0.0 0.0 0.0 1.0 
1511 plans 0.0 0.0 0.0 1.0 0.0 
1516 series 0.0 0.0 0.0 1.0 0.0 
1848 Sixties 0.0 0.0 0.0 0.0 1.0 
1238 interval 0.0 0.0 0.0 1.0 0.0 
1268 dominated 1.0 0.0 0.0 0.0 0.0 
478 schoolchildren 0.0 0.0 0.0 1.0 0.0 
1427 most 0.0 0.0 0.5 0.0 0.5 
1834 wound 1.0 0.0 0.0 0.0 0.0 
586 across 0.0 0.0 0.0 0.0 1.0 
971 Newsroom 0.0 0.0 0.0 1.0 0.0 
901 Illnesses 0.0 0.0 0.0 1.0 0.0 
728 patients 0.0 0.0 0.0 1.0 0.0 
673 Choice 0.0 0.0 0.0 1.0 0.0 
1275 officially 0.0 0.0 1.0 0.0 0.0 
1647 Andrew 0.0 0.0 0.0 1.0 0.0 
286 me 0.0 0.0 0.0 1.0 0.0 
633 published 0.6666667 0.33333334 0.0 0.0 0.0 
141 situation 0.0 0.0 0.0 1.0 0.0 
1251 internal 0.0 1.0 0.0 0.0 0.0 
469 completed 1.0 0.0 0.0 0.0 0.0 
130 Future 0.0 0.0 0.0 1.0 0.0 
188 ideas 0.0 0.0 0.0 1.0 0.0 
1762 Early 0.0 0.0 1.0 0.0 0.0 
1487 Hutchins 0.0 0.0 0.0 1.0 0.0 
708 realise 1.0 0.0 0.0 0.0 0.0 
1967 distorted 0.0 1.0 0.0 0.0 0.0 
202 absolutely 0.0 0.0 1.0 0.0 0.0 
2080 Everywhere 0.0 0.0 1.0 0.0 0.0 
1652 organisation 0.0 0.0 0.0 1.0 0.0 
1023 developments 0.0 0.0 0.0 1.0 0.0 
1926 vague 0.0 1.0 0.0 0.0 0.0 
1684 crawl 0.0 0.0 0.0 0.0 1.0 
852 my 0.0 0.0 0.0 0.0 1.0 
1114 representatives 0.0 0.0 0.0 1.0 0.0 
1091 overseeing 1.0 0.0 0.0 0.0 0.0 
632 subtitled 1.0 0.0 0.0 0.0 0.0 
231 item 0.0 0.0 0.0 1.0 0.0 
1761 earth 0.0 0.0 0.0 1.0 0.0 
435 Ealing 0.0 0.0 0.0 1.0 0.0 
1253 produce 1.0 0.0 0.0 0.0 0.0 
766 individual 0.0 0.25 0.0 0.25 0.5 
639 last 0.0 0.0 0.0 0.0 1.0 
1970 sometimes 0.0 0.0 1.0 0.0 0.0 
761 recognition 0.0 0.0 0.0 1.0 0.0 
538 being 1.0 0.0 0.0 0.0 0.0 
798 Maurice 0.0 0.0 0.0 1.0 0.0 
1029 Powrie 0.0 0.0 0.0 1.0 0.0 
456 Chapman 0.0 0.0 0.0 1.0 0.0 
118 actually 0.0 0.0 1.0 0.0 0.0 
2165 India 0.0 0.0 0.0 1.0 0.0 
2099 military 0.0 1.0 0.0 0.0 0.0 
12 caused 1.0 0.0 0.0 0.0 0.0 
751 love 0.0 0.0 0.0 0.5 0.5 
876 contacted 1.0 0.0 0.0 0.0 0.0 
1584 regularly 0.0 0.0 1.0 0.0 0.0 
229 more 0.0 0.0 0.7692308 0.0 0.23076923 
149 Professor 0.0 0.0 0.0 1.0 0.0 
871 when 0.0 0.0 0.0 0.0 1.0 
841 perfectly 0.0 0.0 1.0 0.0 0.0 
622 train 0.5 0.0 0.0 0.0 0.5 
1562 Diseases 0.0 0.0 0.0 1.0 0.0 
455 Tony 0.0 0.0 0.0 1.0 0.0 
1817 grounds 0.0 0.0 0.0 1.0 0.0 
812 homes 0.0 0.0 0.0 1.0 0.0 
1046 Baptist 0.0 0.0 0.0 0.0 1.0 
1796 lover 0.0 0.0 0.0 1.0 0.0 
1435 spell 0.0 0.0 0.0 1.0 0.0 
949 live 0.75 0.25 0.0 0.0 0.0 
2125 Stephens 0.0 0.0 0.0 1.0 0.0 
883 flat 0.0 0.5 0.0 0.5 0.0 
2131 intimations 0.0 0.0 0.0 1.0 0.0 
843 debility 0.0 0.0 0.0 1.0 0.0 
1429 studied 1.0 0.0 0.0 0.0 0.0 
507 late 0.0 1.0 0.0 0.0 0.0 
1771 Trinidad 0.0 0.0 0.0 1.0 0.0 
1866 moon 0.0 0.0 0.0 1.0 0.0 
2137 slums 0.0 0.0 0.0 1.0 0.0 
69 loss 0.0 0.0 0.0 1.0 0.0 
1067 reactions 0.0 0.0 0.0 1.0 0.0 
426 volunteer 0.0 0.0 0.0 0.6 0.4 
1393 referral 0.0 0.0 0.0 1.0 0.0 
355 Yes 0.0 0.0 0.0 0.0 1.0 
2101 drift 1.0 0.0 0.0 0.0 0.0 
1507 playing 1.0 0.0 0.0 0.0 0.0 
1712 selected 0.0 0.0 0.0 0.0 1.0 
757 continuing 0.0 1.0 0.0 0.0 0.0 
544 extent 0.0 0.0 0.0 1.0 0.0 
1387 partners 0.0 0.0 0.0 1.0 0.0 
587 illness 0.0 0.0 0.0 1.0 0.0 
385 if 0.0 0.0 0.0 0.0 1.0 
683 May 0.0 0.0 0.0 1.0 0.0 
37 sexual 0.0 1.0 0.0 0.0 0.0 
375 Grief 0.0 0.0 0.0 1.0 0.0 
879 spent 1.0 0.0 0.0 0.0 0.0 
447 celebrate 1.0 0.0 0.0 0.0 0.0 
743 5TF 0.0 0.0 0.0 0.0 1.0 
1246 less 0.0 0.0 1.0 0.0 0.0 
325 Shopping 0.0 0.0 0.0 0.0 1.0 
957 Without 0.0 0.0 0.0 0.0 1.0 
558 those 0.0 0.0 0.0 0.0 1.0 
9 is 1.0 0.0 0.0 0.0 0.0 
28 it 0.0 0.0 0.0 1.0 0.0 
477 ill 0.0 1.0 0.0 0.0 0.0 
1600 agency 0.0 0.0 0.0 1.0 0.0 
1952 nigger 0.0 0.0 0.0 1.0 0.0 
126 in 0.0 0.0 0.044025157 0.0 0.9559748 
88 know 1.0 0.0 0.0 0.0 0.0 
1413 rapid 0.0 1.0 0.0 0.0 0.0 
303 spend 1.0 0.0 0.0 0.0 0.0 
665 two 0.0 0.0 0.0 0.0 1.0 
752 hurt 0.0 1.0 0.0 0.0 0.0 
987 opportunity 0.0 0.0 0.0 1.0 0.0 
1211 twenty 0.0 0.0 0.0 0.0 1.0 
1315 April 0.0 0.0 0.0 1.0 0.0 
1610 necessary 0.0 1.0 0.0 0.0 0.0 
246 local 0.0 1.0 0.0 0.0 0.0 
1847 act 0.0 0.0 0.0 1.0 0.0 
2126 intelligent 0.0 1.0 0.0 0.0 0.0 
935 greater 0.0 1.0 0.0 0.0 0.0 
877 knew 1.0 0.0 0.0 0.0 0.0 
533 Regional 0.0 1.0 0.0 0.0 0.0 
809 villages 0.0 0.0 0.0 1.0 0.0 
1086 Development 0.0 0.0 0.0 1.0 0.0 
270 BAKE 1.0 0.0 0.0 0.0 0.0 
1664 ready 0.0 1.0 0.0 0.0 0.0 
1345 Clifton 0.0 0.0 0.0 1.0 0.0 
1101 encouraging 0.0 0.0 0.0 0.0 1.0 
1763 1972 0.0 0.0 0.0 0.0 1.0 
1197 nature 0.0 0.0 0.0 1.0 0.0 
1738 1975 0.0 0.0 0.0 0.0 1.0 
1189 occurring 1.0 0.0 0.0 0.0 0.0 
1741 1979 0.0 0.0 0.0 0.0 1.0 
741 LONDON 0.0 0.0 0.0 1.0 0.0 
1485 Project 0.0 0.0 0.0 1.0 0.0 
706 place 0.0 0.0 0.0 0.71428573 0.2857143 
909 serious 0.0 1.0 0.0 0.0 0.0 
1161 going 1.0 0.0 0.0 0.0 0.0 
204 how 0.0 0.0 1.0 0.0 0.0 
1797 American 0.0 1.0 0.0 0.0 0.0 
1323 respite 1.0 0.0 0.0 0.0 0.0 
702 international 0.0 1.0 0.0 0.0 0.0 
1566 Profile 0.0 0.0 0.0 0.0 1.0 
2176 severely 0.0 0.0 1.0 0.0 0.0 
160 Raising 0.0 0.0 0.0 0.0 1.0 
1316 1990 0.0 0.0 0.0 0.0 1.0 
803 pedal 0.0 0.0 0.0 0.0 1.0 
1369 loan 0.0 0.0 0.0 1.0 0.0 
2057 When 0.0 0.0 0.0 0.0 1.0 
1443 1983 0.0 0.0 0.0 0.0 1.0 
1201 1986 0.0 0.0 0.0 0.0 1.0 
868 chores 0.0 0.0 0.0 1.0 0.0 
1206 1987 0.0 0.0 0.0 0.0 1.0 
328 prescriptions 0.0 0.0 0.0 1.0 0.0 
1200 1984 0.0 0.0 0.0 0.0 1.0 
961 independence 0.0 0.0 0.0 1.0 0.0 
1417 1988 0.0 0.0 0.0 0.0 1.0 
1207 1989 0.0 0.0 0.0 0.0 1.0 
1906 nearby 0.0 0.0 1.0 0.0 0.0 
1209 survival 0.0 0.0 0.0 1.0 0.0 
1425 try 1.0 0.0 0.0 0.0 0.0 
347 we 0.0 0.0 0.0 1.0 0.0 
1007 Society 0.0 0.0 0.0 1.0 0.0 
1266 reasonably 0.0 0.0 1.0 0.0 0.0 
373 Death 0.0 0.0 0.0 1.0 0.0 
1765 graves 0.0 0.0 0.0 1.0 0.0 
331 give 1.0 0.0 0.0 0.0 0.0 
1819 events 0.0 0.0 0.0 1.0 0.0 
332 simple 0.0 1.0 0.0 0.0 0.0 
327 collection 0.0 0.0 0.0 1.0 0.0 
1589 date 0.0 0.0 0.0 1.0 0.0 
1313 reasons 0.0 0.0 0.0 1.0 0.0 
651 running 0.0 0.0 0.0 1.0 0.0 
1818 executed 1.0 0.0 0.0 0.0 0.0 
58 The 0.0 0.0 0.0 0.0 1.0 
1303 risen 1.0 0.0 0.0 0.0 0.0 
1319 1991 0.0 0.0 0.0 0.0 1.0 
652 numbers 0.0 0.0 0.0 1.0 0.0 
196 BOOT 0.0 0.0 0.0 0.0 1.0 
131 World 0.0 0.0 0.0 1.0 0.0 
252 hard 0.0 0.33333334 0.0 0.0 0.6666667 
1148 ability 0.0 0.0 0.0 1.0 0.0 
1891 solitary 0.0 1.0 0.0 0.0 0.0 
1348 NOTICE 0.0 0.0 0.0 0.0 1.0 
2091 catches 1.0 0.0 0.0 0.0 0.0 
2153 previous 0.0 1.0 0.0 0.0 0.0 
491 front 0.0 0.0 0.0 0.0 1.0 
348 us 0.0 0.0 0.0 1.0 0.0 
1691 speaks 1.0 0.0 0.0 0.0 0.0 
523 Coordinator 0.0 0.0 0.0 1.0 0.0 
896 eventually 0.0 0.0 1.0 0.0 0.0 
560 Most 0.0 0.0 0.0 0.0 1.0 
369 weeks 0.0 0.0 0.0 1.0 0.0 
260 up 0.0 0.0 0.78571427 0.0 0.21428572 
1351 Information 0.0 0.0 0.0 1.0 0.0 
1746 orphan 0.0 0.0 0.0 0.5 0.5 
1188 pattern 0.0 0.0 0.0 1.0 0.0 
1852 Swinging 0.0 0.0 0.0 0.0 1.0 
235 keen 0.0 1.0 0.0 0.0 0.0 
1088 Kate 0.0 0.0 0.0 1.0 0.0 
315 part 0.0 0.0 0.0 1.0 0.0 
1542 invited 1.0 0.0 0.0 0.0 0.0 
62 cancer 0.0 0.0 0.0 1.0 0.0 
218 happens 1.0 0.0 0.0 0.0 0.0 
394 keep 1.0 0.0 0.0 0.0 0.0 
48 to 0.0 0.0 0.0 0.0 1.0 
21 affects 1.0 0.0 0.0 0.0 0.0 
317 provide 1.0 0.0 0.0 0.0 0.0 
364 attend 1.0 0.0 0.0 0.0 0.0 
2073 centre 0.0 0.0 0.0 1.0 0.0 
1733 BACKWATERS 0.0 0.0 0.0 1.0 0.0 
240 half 0.0 0.0 0.5 0.0 0.5 
596 Christian 0.0 1.0 0.0 0.0 0.0 
1465 Bureau 0.0 0.0 0.0 1.0 0.0 
1773 hustler 0.0 0.0 0.0 1.0 0.0 
796 General 0.0 0.33333334 0.0 0.16666667 0.5 
87 Did 1.0 0.0 0.0 0.0 0.0 
1506 lifestyle 0.0 0.0 0.0 1.0 0.0 
1872 dark 0.0 1.0 0.0 0.0 0.0 
1745 marginality 0.0 0.0 0.0 1.0 0.0 
785 Fund 0.0 0.0 0.0 1.0 0.0 
1292 swallow 1.0 0.0 0.0 0.0 0.0 
1735 Naipaul 0.0 0.0 0.0 1.0 0.0 
731 welcome 0.0 1.0 0.0 0.0 0.0 
682 Conference 0.0 0.0 0.0 1.0 0.0 
1628 follow 1.0 0.0 0.0 0.0 0.0 
222 collecting 1.0 0.0 0.0 0.0 0.0 
1208 however 0.0 0.0 1.0 0.0 0.0 
2049 recognising 1.0 0.0 0.0 0.0 0.0 
27 so 0.0 0.0 0.45454547 0.0 0.54545456 
1108 recognised 1.0 0.0 0.0 0.0 0.0 
914 effort 0.0 0.0 0.0 1.0 0.0 
1290 pump 0.0 0.0 0.0 1.0 0.0 
530 providing 1.0 0.0 0.0 0.0 0.0 
1616 unwell 0.0 1.0 0.0 0.0 0.0 
924 physically 0.0 0.0 1.0 0.0 0.0 
1719 reduce 1.0 0.0 0.0 0.0 0.0 
521 helpful 0.0 1.0 0.0 0.0 0.0 
1258 shortness 0.0 0.0 0.0 1.0 0.0 
1375 enormously 0.0 0.0 1.0 0.0 0.0 
1766 dug 1.0 0.0 0.0 0.0 0.0 
869 shopping 0.0 0.0 0.0 0.0 1.0 
449 birthday 0.0 0.0 0.0 1.0 0.0 
1546 forum 0.0 0.0 0.0 1.0 0.0 
68 weight 0.0 0.0 0.0 1.0 0.0 
64 sudden 0.0 1.0 0.0 0.0 0.0 
561 Churches 0.0 0.0 0.0 1.0 0.0 
1929 land 0.0 0.0 0.0 1.0 0.0 
1705 catch 1.0 0.0 0.0 0.0 0.0 
1060 unconditional 0.0 1.0 0.0 0.0 0.0 
1941 appears 1.0 0.0 0.0 0.0 0.0 
1703 hand 0.0 0.0 0.0 1.0 0.0 
952 journal 0.0 0.0 0.0 1.0 0.0 
1087 Worker 0.0 0.0 0.0 1.0 0.0 
128 Londoners 0.0 0.0 0.0 1.0 0.0 
610 four 0.0 0.0 0.0 0.0 1.0 
1908 plain 0.0 0.0 0.0 1.0 0.0 
1002 Department 0.0 0.0 0.0 1.0 0.0 
2005 drawn 1.0 0.0 0.0 0.0 0.0 
228 too 0.0 0.0 1.0 0.0 0.0 
902 muscle 0.0 0.0 0.0 1.0 0.0 
1490 provides 1.0 0.0 0.0 0.0 0.0 
1273 provider 0.0 0.0 0.0 1.0 0.0 
1922 agricultural 0.0 1.0 0.0 0.0 0.0 
1287 medicines 0.0 0.0 0.0 1.0 0.0 
182 needed 0.8333333 0.0 0.0 0.0 0.16666667 
1204 months 0.0 0.0 0.0 1.0 0.0 
584 school 0.0 0.0 0.0 1.0 0.0 
2155 State 0.0 0.0 0.0 1.0 0.0 
1442 Registered 0.0 1.0 0.0 0.0 0.0 
638 provided 0.6363636 0.0 0.0 0.0 0.36363637 
573 increasingly 0.0 0.0 1.0 0.0 0.0 
387 certain 0.0 1.0 0.0 0.0 0.0 
1301 Until 0.0 0.0 0.0 0.0 1.0 
985 During 0.0 0.0 0.0 0.0 1.0 
1105 success 0.0 0.0 0.0 1.0 0.0 
2015 Tortured 1.0 0.0 0.0 0.0 0.0 
804 cycles 0.0 0.0 0.0 1.0 0.0 
1057 equip 1.0 0.0 0.0 0.0 0.0 
1794 Indies 0.0 0.0 0.0 1.0 0.0 
1501 test 0.0 0.0 0.0 1.0 0.0 
1205 diagnosis 0.0 0.0 0.0 1.0 0.0 
692 organiser 0.0 0.0 0.0 1.0 0.0 
1913 First 0.0 0.0 0.0 0.0 1.0 
259 pluck 1.0 0.0 0.0 0.0 0.0 
1903 city 0.0 0.0 0.0 1.0 0.0 
1901 expect 1.0 0.0 0.0 0.0 0.0 
365 course 0.0 0.0 0.0 1.0 0.0 
2096 airport 0.0 0.0 0.0 1.0 0.0 
1663 Mum 0.0 0.0 0.0 1.0 0.0 
76 are 1.0 0.0 0.0 0.0 0.0 
1106 initial 0.0 0.0 0.0 0.0 1.0 
1302 deaths 0.0 0.0 0.0 1.0 0.0 
1750 vengeance 0.0 0.0 0.0 1.0 0.0 
2159 occasions 0.0 0.0 0.0 1.0 0.0 
1260 problems 0.0 0.0 0.0 1.0 0.0 
362 form 0.0 0.0 0.0 0.0 1.0 
200 did 1.0 0.0 0.0 0.0 0.0 
18 Virus 0.0 0.0 0.0 1.0 0.0 
1512 interaction 0.0 0.0 0.0 1.0 0.0 
101 without 0.0 0.0 0.0 0.0 1.0 
616 largest 0.0 1.0 0.0 0.0 0.0 
430 Christine 0.0 0.0 0.0 1.0 0.0 
1391 present 0.0 0.0 0.0 0.0 1.0 
1709 organised 1.0 0.0 0.0 0.0 0.0 
1455 corinii 0.0 0.0 0.0 1.0 0.0 
1916 Grange 0.0 0.0 0.0 0.33333334 0.6666667 
1739 Bend 0.0 0.0 0.0 0.0 1.0 
434 ask 1.0 0.0 0.0 0.0 0.0 
969 broadcasts 0.0 0.0 0.0 0.33333334 0.6666667 
2062 smell 0.0 0.0 0.0 1.0 0.0 
1757 might 1.0 0.0 0.0 0.0 0.0 
285 hesitate 1.0 0.0 0.0 0.0 0.0 
1707 tomorrow 0.0 0.0 1.0 0.0 0.0 
1284 pain 0.0 0.0 0.0 1.0 0.0 
893 finally 0.0 0.0 1.0 0.0 0.0 
998 Congratulations 0.0 0.0 0.0 1.0 0.0 
516 Social 0.0 1.0 0.0 0.0 0.0 
54 contact 0.6 0.0 0.0 0.4 0.0 
207 kind 0.0 0.0 0.14285715 0.85714287 0.0 
1999 version 0.0 0.0 0.0 1.0 0.0 
563 Aids 0.0 0.0 0.0 1.0 0.0 
1154 partnerships 0.0 0.0 0.0 1.0 0.0 
1686 possessions 0.0 0.0 0.0 1.0 0.0 
549 Monitor 0.0 0.0 0.0 0.0 1.0 
917 tendency 0.0 0.0 0.0 1.0 0.0 
161 money 0.0 0.0 0.0 1.0 0.0 
996 NAPP 0.0 0.0 0.0 1.0 0.0 
1196 surviving 0.6666667 0.0 0.0 0.0 0.33333334 
232 SPONSORED 0.0 1.0 0.0 0.0 0.0 
277 RAMBLE 0.0 0.0 0.0 0.0 1.0 
1837 figured 1.0 0.0 0.0 0.0 0.0 
1900 prefatory 0.0 1.0 0.0 0.0 0.0 
2056 hut 0.0 0.0 0.0 1.0 0.0 
514 Ruchill 0.0 0.0 0.0 0.0 1.0 
624 speaker 0.0 0.0 0.0 1.0 0.0 
2075 gangs 0.0 0.0 0.0 1.0 0.0 
1361 BBC1 0.0 0.0 0.0 1.0 0.0 
636 figures 0.0 0.0 0.0 1.0 0.0 
625 should 1.0 0.0 0.0 0.0 0.0 
1376 valuable 0.0 1.0 0.0 0.0 0.0 
1333 stones 0.0 0.0 0.0 1.0 0.0 
1772 belonged 1.0 0.0 0.0 0.0 0.0 
1203 ten 0.0 0.0 0.0 0.0 1.0 
1306 diagnoses 0.0 0.0 0.0 0.5 0.5 
1343 Ferguson 0.0 0.0 0.0 1.0 0.0 
662 Area 0.0 0.0 0.0 1.0 0.0 
321 What 0.0 0.0 0.0 0.0 1.0 
334 little 0.0 0.0 0.0 0.0 1.0 
1357 show 0.0 0.0 0.0 1.0 0.0 
1807 alive 0.0 1.0 0.0 0.0 0.0 
164 charity 0.0 0.0 0.0 1.0 0.0 
1801 shot 1.0 0.0 0.0 0.0 0.0 
146 impact 0.0 0.0 0.0 1.0 0.0 
1355 Kent 0.0 0.0 0.0 1.0 0.0 
1841 woman 0.0 0.0 0.0 1.0 0.0 
1136 Koop 1.0 0.0 0.0 0.0 0.0 
933 diagnosed 0.6 0.0 0.0 0.0 0.4 
2132 power 0.0 0.0 0.0 1.0 0.0 
1618 rings 1.0 0.0 0.0 0.0 0.0 
1368 systems 0.0 0.0 0.0 1.0 0.0 
537 consideration 0.0 0.0 0.0 1.0 0.0 
1022 Deputy 0.0 0.0 0.0 1.0 0.0 
1948 himself 0.0 0.0 0.0 1.0 0.0 
1043 denominations 0.0 0.0 0.0 1.0 0.0 
762 importance 0.0 0.0 0.0 1.0 0.0 
1776 Freitas 0.0 0.0 0.0 1.0 0.0 
1777 latterly 0.0 0.0 1.0 0.0 0.0 
1654 perhaps 0.0 0.0 1.0 0.0 0.0 
546 other 0.0 0.94736844 0.0 0.05263158 0.0 
122 have 1.0 0.0 0.0 0.0 0.0 
937 specific 0.0 1.0 0.0 0.0 0.0 
1670 direction 0.0 0.0 0.0 1.0 0.0 
1946 Chinese 0.0 1.0 0.0 0.0 0.0 
1798 Negro 0.0 0.0 0.0 1.0 0.0 
1293 Specialist 0.0 0.0 0.0 0.0 1.0 
1483 share 1.0 0.0 0.0 0.0 0.0 
1791 girl 0.0 0.0 0.0 1.0 0.0 
2032 fireproof 1.0 0.0 0.0 0.0 0.0 
786 Support 0.0 0.0 0.0 0.0 1.0 
1717 die 1.0 0.0 0.0 0.0 0.0 
33 How 0.0 0.0 1.0 0.0 0.0 
233 RUN 0.0 0.0 0.0 1.0 0.0 
484 urgent 0.0 1.0 0.0 0.0 0.0 
119 nearly 0.0 0.0 1.0 0.0 0.0 
1132 strategy 0.0 0.0 0.0 1.0 0.0 
22 the 0.0 0.0 0.0 0.0 1.0 
106 women 0.0 0.0 0.0 1.0 0.0 
566 shock 0.0 0.0 0.0 1.0 0.0 
1300 vitally 0.0 0.0 1.0 0.0 0.0 
1156 governments 0.0 0.0 0.0 1.0 0.0 
1124 summed 1.0 0.0 0.0 0.0 0.0 
1334 guarantee 0.5 0.0 0.0 0.5 0.0 
1699 daughters 0.0 0.0 0.0 1.0 0.0 
301 Care 0.0 0.0 0.0 0.0 1.0 
